0,0,1,0,2.18,0
0,0,1,0,2.156432,0
0,0,1,0,2.092864,0
0.008639255,-0.262504,0.9648923,0,1.9,0
0.09082347,-0.5902687,0.802081,0,1.9,0
0.1601916,-0.6177477,0.7698873,0,1.9,0
0.1646284,-0.610917,0.7743887,0,1.9,0
0.164201,-0.6100485,0.7751638,0,1.9,0
0.1638396,-0.6096073,0.7755872,0,1.9,0
0.1634452,-0.6088086,0.7762975,0,1.9,0
0.1629013,-0.6078649,0.7771509,0,1.9,0
0.1624817,-0.6073546,0.7776375,0,1.9,0
0.1618681,-0.6059331,0.7788734,0,1.9,0
0.1611398,-0.6050502,0.7797104,0,1.9,0
0.1608342,-0.6041414,0.7804778,0,1.9,0
0.1603091,-0.6035064,0.7810768,0,1.9,0
0.1598154,-0.6026596,0.7818316,0,1.9,0
0.1592991,-0.6017756,0.7826173,0,1.9,0
0.1583941,-0.600686,0.7836375,0,1.9,0
0.1578573,-0.6000406,0.78424,0,1.9,0
0.1572997,-0.5993711,0.7848638,0,1.9,0
0.1563419,-0.5982229,0.7859304,0,1.9,0
0.1557795,-0.5972706,0.7867659,0,1.9,0
0.1551841,-0.5968218,0.7872239,0,1.9,0
0.1547808,-0.5963405,0.787668,0,1.9,0
0.1541943,-0.5956411,0.788312,0,1.9,0
0.1535334,-0.5951442,0.7888162,0,1.9,0
0.1531136,-0.5943266,0.7895139,0,1.9,0
0.1525105,-0.5936099,0.7901695,0,1.9,0
0.1518157,-0.5930889,0.7906944,0,1.9,0
0.1512348,-0.5924005,0.7913216,0,1.9,0
0.1506038,-0.591928,0.7917953,0,1.9,0
0.1496819,-0.5911424,0.7925567,0,1.9,0
0.1490991,-0.5904543,0.7931791,0,1.9,0
0.1485354,-0.5897897,0.7937791,0,1.9,0
0.1473639,-0.5887202,0.7947909,0,1.9,0
0.1467454,-0.5879934,0.7954429,0,1.9,0
0.1459888,-0.5873522,0.7960557,0,1.9,0
0.1445075,-0.5859422,0.7973641,0,1.9,0
0.1431777,-0.5846791,0.7985302,0,1.9,0
0.1421048,-0.5839706,0.79924,0,1.9,0
0.1408869,-0.5825539,0.8004885,0,1.9,0
0.1399434,-0.5814584,0.8014499,0,1.9,0
0.1389807,-0.5803428,0.8024254,0,1.9,0
0.1373106,-0.5784122,0.8041052,0,1.9,0
0.1361298,-0.5770507,0.8052833,0,1.9,0
0.1351652,-0.5756819,0.8064247,0,1.9,0
0.1331931,-0.5737336,0.8081394,0,1.9,0
0.1321654,-0.5722845,0.8093348,0,1.9,0
0.1305518,-0.570178,0.8110815,0,1.9,0
0.1295105,-0.5687181,0.8122725,0,1.9,0
0.1283377,-0.5673847,0.8133905,0,1.9,0
0.1273442,-0.5659982,0.8145118,0,1.9,0
0.1256805,-0.5641144,0.8160756,0,1.9,0
0.1208455,-0.5575439,0.8213046,0,1.9,0
0.1194535,-0.5556908,0.8227628,0,1.9,0
0.1186232,-0.5547624,0.8235092,0,1.9,0
0.1178251,-0.5536178,0.8243935,0,1.9,0
0.1170225,-0.5527224,0.8251083,0,1.9,0
0.1161954,-0.5515401,0.8260159,0,1.9,0
0.1151126,-0.5500646,0.8271506,0,1.9,0
0.114193,-0.5490432,0.8279563,0,1.9,0
0.1133688,-0.5481287,0.8286752,0,1.9,0
0.1122982,-0.5466771,0.829779,0,1.9,0
0.1113147,-0.5452838,0.8308277,0,1.9,0
0.1100119,-0.5438453,0.8319433,0,1.9,0
0.108932,-0.5426548,0.8328623,0,1.9,0
0.1078987,-0.5415172,0.8337368,0,1.9,0
0.1068384,-0.5403517,0.8346291,0,1.9,0
0.1057926,-0.5392037,0.8355042,0,1.9,0
0.1028335,-0.536313,0.8377312,0,1.9,0
0.1017341,-0.5348479,0.8388016,0,1.9,0
0.09954476,-0.5324624,0.84058,0,1.9,0
0.09813172,-0.5309263,0.8417169,0,1.9,0
0.09667642,-0.5293472,0.8428791,0,1.9,0
0.09544022,-0.5277647,0.8440117,0,1.9,0
0.09345686,-0.5253624,0.8457306,0,1.9,0
0.09200153,-0.5237924,0.8468632,0,1.9,0
0.09066417,-0.5220918,0.8480567,0,1.9,0
0.08922408,-0.5203046,0.8493069,0,1.9,0
0.08780775,-0.5185109,0.8505506,0,1.9,0
0.08567394,-0.5156762,0.8524894,0,1.9,0
0.08347279,-0.5126894,0.8545068,0,1.9,0
0.08212502,-0.5109956,0.8556512,0,1.9,0
0.08096364,-0.5089436,0.8569838,0,1.9,0
0.07913642,-0.5067429,0.8584574,0,1.9,0
0.07809637,-0.5049149,0.859629,0,1.9,0
0.07704201,-0.5033149,0.8606617,0,1.9,0
0.07583924,-0.5014928,0.8618314,0,1.9,0
0.07437351,-0.4991058,0.8633435,0,1.9,0
0.07282876,-0.4960461,0.8652365,0,1.9,0
0.07135737,-0.4933743,0.8668852,0,1.9,0
0.07048441,-0.4917065,0.8679036,0,1.9,0
0.06962732,-0.4900717,0.8688969,0,1.9,0
0.0687205,-0.4883449,0.8699407,0,1.9,0
0.06786862,-0.4862122,0.8712012,0,1.9,0
0.0667128,-0.4836767,0.8727006,0,1.9,0
0.06527677,-0.4810976,0.8742334,0,1.9,0
0.06438074,-0.479142,0.8753731,0,1.9,0
0.06281054,-0.4757237,0.8773493,0,1.9,0
0.06157157,-0.473323,0.8787345,0,1.9,0
0.060256,-0.4709803,0.8800834,0,1.9,0
0.05852255,-0.4675238,0.8820412,0,1.9,0
0.05713831,-0.4650705,0.8834278,0,1.9,0
0.05579888,-0.4624493,0.8848882,0,1.9,0
0.05423656,-0.459692,0.8864207,0,1.9,0
0.05192745,-0.4553416,0.8888012,0,1.9,0
0.05049484,-0.4525613,0.8903025,0,1.9,0
0.04825355,-0.4486372,0.8924103,0,1.9,0
0.04677214,-0.4457781,0.8939207,0,1.9,0
0.04545143,-0.4429905,0.8953734,0,1.9,0
0.04402224,-0.4402433,0.8967987,0,1.9,0
0.04289416,-0.4376222,0.8981352,0,1.9,0
0.04169323,-0.4348375,0.8995432,0,1.9,0
0.04034495,-0.4305043,0.9016864,0,1.9,0
0.03926342,-0.4264161,0.9036745,0,1.9,0
0.03858702,-0.423735,0.904964,0,1.9,0
0.03787394,-0.4206364,0.9064384,0,1.9,0
0.03738492,-0.4179299,0.9077097,0,1.9,0
0.03691171,-0.4141151,0.9094758,0,1.9,0
0.03696981,-0.410951,0.9109076,0,1.9,0
0.0367801,-0.4070394,0.9126698,0,1.9,0
0.036834,-0.4040222,0.9140073,0,1.9,0
0.03691583,-0.3993898,0.9160377,0,1.9,0
0.03696692,-0.3964649,0.9173054,0,1.9,0
0.0370356,-0.3924918,0.9190096,0,1.9,0
0.03708815,-0.3894192,0.9203137,0,1.9,0
0.03713771,-0.3864948,0.9215436,0,1.9,0
0.0372031,-0.3825967,0.9231662,0,1.9,0
0.0372524,-0.3796261,0.9243897,0,1.9,0
0.03730171,-0.3766283,0.9256132,0,1.9,0
0.03736584,-0.3726871,0.9272045,0,1.9,0
0.03769671,-0.3695944,0.9284282,0,1.9,0
0.03774454,-0.3666174,0.9296059,0,1.9,0
0.03780974,-0.3625119,0.9312119,0,1.9,0
0.03788456,-0.3577345,0.9330546,0,1.9,0
0.03793212,-0.3546597,0.9342257,0,1.9,0
0.0379781,-0.3516568,0.9353583,0,1.9,0
0.03804241,-0.3474072,0.9369423,0,1.9,0
0.03808612,-0.3444853,0.9380188,0,1.9,0
0.03813117,-0.3414442,0.9391283,0,1.9,0
0.03819808,-0.3368697,0.9407762,0,1.9,0
0.03826117,-0.3324907,0.9423301,0,1.9,0
0.03830784,-0.3292098,0.9434794,0,1.9,0
0.03803598,-0.3240468,0.9452761,0,1.9,0
0.03781582,-0.319892,0.9466991,0,1.9,0
0.03785979,-0.3166105,0.9477998,0,1.9,0
0.0376337,-0.3136981,0.9487767,0,1.9,0
0.0373989,-0.3096791,0.9501054,0,1.9,0
0.03716174,-0.3066441,0.9510985,0,1.9,0
0.03662333,-0.3021892,0.9525442,0,1.9,0
0.03638105,-0.2991137,0.9535237,0,1.9,0
0.0357713,-0.2940953,0.9551065,0,1.9,0
0.03485171,-0.2895625,0.9565244,0,1.9,0
0.03431777,-0.2864371,0.9574842,0,1.9,0
0.03382802,-0.2838499,0.9582719,0,1.9,0
0.03304252,-0.2799978,0.9594318,0,1.9,0
0.0323195,-0.2772455,0.9602554,0,1.9,0
0.03154674,-0.2745835,0.9610456,0,1.9,0
0.03032108,-0.2701502,0.9623407,0,1.9,0
0.02918423,-0.2672442,0.9631868,0,1.9,0
0.027456,-0.2626523,0.9644998,0,1.9,0
0.02575,-0.2585998,0.9656413,0,1.9,0
0.02439142,-0.2558436,0.9664104,0,1.9,0
0.02329353,-0.2530528,0.967172,0,1.9,0
0.02199772,-0.2504286,0.9678851,0,1.9,0
0.01993593,-0.2462576,0.9689993,0,1.9,0
0.01807401,-0.2421791,0.9700632,0,1.9,0
0.01671235,-0.2394309,0.9707696,0,1.9,0
0.01537143,-0.236454,0.9715211,0,1.9,0
0.01342566,-0.2322048,0.9725742,0,1.9,0
0.01214968,-0.2296366,0.9732006,0,1.9,0
0.01070227,-0.2267255,0.9738999,0,1.9,0
0.008789896,-0.2228829,0.9748056,0,1.9,0
0.007423931,-0.2201405,0.9754399,0,1.9,0
0.00615213,-0.2175888,0.9760211,0,1.9,0
0.003929376,-0.2131331,0.9770153,0,1.9,0
0.002591168,-0.2104528,0.9776006,0,1.9,0
0.0009570259,-0.2077275,0.9781862,0,1.9,0
-0.0003609262,-0.2050912,0.9787428,0,1.9,0
-0.001952735,-0.2021742,0.9793476,0,1.9,0
-0.003563499,-0.1997601,0.9798384,0,1.9,0
-0.004869545,-0.1971526,0.9803607,0,1.9,0
-0.006477216,-0.1942113,0.9809383,0,1.9,0
-0.01753612,-0.1767094,0.9841068,0,1.9,0
-0.02049382,-0.1724574,0.9848037,0,1.9,0
-0.02211362,-0.1697739,0.9852349,0,1.9,0
-0.02544327,-0.1651376,0.9859423,0,1.9,0
-0.02735293,-0.1624257,0.9863416,0,1.9,0
-0.02926302,-0.1599836,0.9866858,0,1.9,0
-0.0312569,-0.1571538,0.9870794,0,1.9,0
-0.03336131,-0.1545388,0.9874233,0,1.9,0
-0.03640619,-0.1503055,0.987969,0,1.9,0
-0.03973689,-0.1460047,0.9884855,0,1.9,0
-0.04196995,-0.1429569,0.9888386,0,1.9,0
-0.04434421,-0.1400092,0.9891567,0,1.9,0
-0.04751405,-0.1359183,0.98958,0,1.9,0
-0.04979454,-0.1330879,0.9898525,0,1.9,0
-0.05274104,-0.1289965,0.9902415,0,1.9,0
-0.0548674,-0.1263577,0.9904662,0,1.9,0
-0.05720032,-0.1237818,0.9906595,0,1.9,0
-0.05950018,-0.1209279,0.9908765,0,1.9,0
-0.0631117,-0.1163655,0.9911993,0,1.9,0
-0.06560981,-0.1136071,0.991357,0,1.9,0
-0.06799514,-0.1106467,0.9915311,0,1.9,0
-0.07178563,-0.106253,0.9917445,0,1.9,0
-0.07424048,-0.1035414,0.9918506,0,1.9,0
-0.07712661,-0.1006693,0.991926,0,1.9,0
-0.08059124,-0.09665146,0.9920502,0,1.9,0
-0.08360868,-0.09391862,0.9920629,0,1.9,0
-0.08635357,-0.09118544,0.9920828,0,1.9,0
-0.08914662,-0.08840366,0.9920875,0,1.9,0
-0.0919216,-0.08588876,0.9920552,0,1.9,0
-0.09491935,-0.08317117,0.9920045,0,1.9,0
-0.09969047,-0.07841495,0.9919239,0,1.9,0
-0.1027935,-0.07559958,0.9918257,0,1.9,0
-0.1058545,-0.07305131,0.9916947,0,1.9,0
-0.1092606,-0.07021458,0.9915301,0,1.9,0
-0.1125556,-0.06746934,0.9913522,0,1.9,0
-0.1172023,-0.06340325,0.9910821,0,1.9,0
-0.1226546,-0.0586286,0.9907162,0,1.9,0
-0.1259588,-0.05587002,0.9904609,0,1.9,0
-0.1294277,-0.05292797,0.9901753,0,1.9,0
-0.1347462,-0.04859232,0.989688,0,1.9,0
-0.138328,-0.04582488,0.9893258,0,1.9,0
-0.1419367,-0.04275716,0.9889519,0,1.9,0
-0.1457589,-0.03973663,0.9885218,0,1.9,0
-0.1492607,-0.03675516,0.9881145,0,1.9,0
-0.1541247,-0.03300736,0.9874999,0,1.9,0
-0.1583304,-0.02967477,0.9869401,0,1.9,0
-0.1620619,-0.02677702,0.9864172,0,1.9,0
-0.1658897,-0.02394019,0.9858537,0,1.9,0
-0.1717963,-0.01929259,0.9849436,0,1.9,0
-0.175607,-0.01653489,0.9843215,0,1.9,0
-0.1809182,-0.0125653,0.9834179,0,1.9,0
-0.1846122,-0.009885517,0.9827617,0,1.9,0
-0.1888319,-0.006821001,0.9819857,0,1.9,0
-0.1924592,-0.004183675,0.9812961,0,1.9,0
-0.1981637,0.0001009218,0.9801689,0,1.9,0
-0.2019617,0.002870406,0.9793892,0,1.9,0
-0.205844,0.005704794,0.9785682,0,1.9,0
-0.2096432,0.008481978,0.9777412,0,1.9,0
-0.2133633,0.01093215,0.9769118,0,1.9,0
-0.2191232,0.01477392,0.9755853,0,1.9,0
-0.2230713,0.01767323,0.9746419,0,1.9,0
-0.2268627,0.02018173,0.9737176,0,1.9,0
-0.2307133,0.02256228,0.9727601,0,1.9,0
-0.2359492,0.02646774,0.9714049,0,1.9,0
-0.2405351,0.02931261,0.9701977,0,1.9,0
-0.2454816,0.03273005,0.9688486,0,1.9,0
-0.2497929,0.03592875,0.9676325,0,1.9,0
-0.2556298,0.03976304,0.9659567,0,1.9,0
-0.2592187,0.04216771,0.9648977,0,1.9,0
-0.2627593,0.04501513,0.9638107,0,1.9,0
-0.2677839,0.04833375,0.9622659,0,1.9,0
-0.271351,0.05092344,0.9611323,0,1.9,0
-0.2767406,0.05492243,0.9593738,0,1.9,0
-0.2801581,0.05762462,0.9582227,0,1.9,0
-0.283325,0.06013314,0.9571368,0,1.9,0
-0.288489,0.06398828,0.9553427,0,1.9,0
-0.2917227,0.06656148,0.9541842,0,1.9,0
-0.2959982,0.07020219,0.9526052,0,1.9,0
-0.2991832,0.07298354,0.9514005,0,1.9,0
-0.3035483,0.07640108,0.949748,0,1.9,0
-0.3064348,0.07893356,0.9486133,0,1.9,0
-0.3108205,0.08297875,0.9468396,0,1.9,0
-0.3133734,0.08517823,0.9458022,0,1.9,0
-0.3174267,0.08893487,0.9441032,0,1.9,0
-0.3214575,0.09263245,0.9423822,0,1.9,0
-0.3240989,0.09522071,0.9412189,0,1.9,0
-0.3266478,0.09772366,0.9400805,0,1.9,0
-0.329171,0.09992257,0.9389685,0,1.9,0
-0.3313376,0.1020311,0.9379793,0,1.9,0
-0.3348069,0.1055504,0.9363565,0,1.9,0
-0.3374139,0.1081,0.935129,0,1.9,0
-0.3405344,0.1112588,0.9336262,0,1.9,0
-0.3428076,0.1137845,0.9324892,0,1.9,0
-0.3460448,0.117391,0.930845,0,1.9,0
-0.348225,0.1195446,0.9297572,0,1.9,0
-0.3503702,0.1219463,0.9286387,0,1.9,0
-0.3528583,0.1250331,0.9272851,0,1.9,0
-0.3548058,0.1275139,0.9262035,0,1.9,0
-0.3564929,0.1294159,0.9252915,0,1.9,0
-0.3591478,0.1331278,0.9237369,0,1.9,0
-0.3611481,0.1353948,0.9226269,0,1.9,0
-0.3626655,0.1374245,0.9217311,0,1.9,0
-0.3651525,0.1405908,0.9202706,0,1.9,0
-0.3668209,0.1427859,0.9192685,0,1.9,0
-0.3683462,0.1448419,0.9183365,0,1.9,0
-0.3704119,0.1474913,0.917083,0,1.9,0
-0.3718016,0.1493738,0.9162156,0,1.9,0
-0.3731818,0.1512474,0.9153467,0,1.9,0
-0.3746334,0.1529207,0.9144753,0,1.9,0
-0.3759879,0.1550551,0.9135596,0,1.9,0
-0.3773793,0.156665,0.9127108,0,1.9,0
-0.3792969,0.1591889,0.9114783,0,1.9,0
-0.3806878,0.1608052,0.9106144,0,1.9,0
-0.3821296,0.162788,0.9096577,0,1.9,0
-0.3835225,0.1644128,0.9087788,0,1.9,0
-0.384862,0.1662625,0.9078755,0,1.9,0
-0.3861846,0.167811,0.9070287,0,1.9,0
-0.3882513,0.1702361,0.9056935,0,1.9,0
-0.3897068,0.171948,0.9047444,0,1.9,0
-0.3908573,0.173602,0.9039319,0,1.9,0
-0.3928493,0.1759545,0.9026126,0,1.9,0
-0.3945422,0.1782736,0.9014183,0,1.9,0
-0.395632,0.1795666,0.9006838,0,1.9,0
-0.3967775,0.180928,0.8999071,0,1.9,0
-0.3986446,0.1835618,0.8985475,0,1.9,0
-0.4000339,0.1859726,0.8974336,0,1.9,0
-0.401259,0.1877655,0.8965129,0,1.9,0
-0.4019243,0.1888632,0.8959842,0,1.9,0
-0.4023669,0.1896996,0.8956087,0,1.9,0
-0.4025409,0.1913913,0.8951705,0,1.9,0
-0.4024986,0.1919192,0.8950765,0,1.9,0
-0.4016389,0.1956093,0.8946638,0,1.9,0
-0.4007463,0.1965071,0.8948672,0,1.9,0
-0.3999944,0.1970253,0.8950897,0,1.9,0
-0.3989474,0.1975739,0.895436,0,1.9,0
-0.3976302,0.1981305,0.8958987,0,1.9,0
-0.3950458,0.1991557,0.8968143,0,1.9,0
-0.3927326,0.2000724,0.8976259,0,1.9,0
-0.3907329,0.2006059,0.8983791,0,1.9,0
-0.3887907,0.2011236,0.8991057,0,1.9,0
-0.3865749,0.2016494,0.899943,0,1.9,0
-0.3845035,0.201928,0.9007676,0,1.9,0
-0.381059,0.2025977,0.9020799,0,1.9,0
-0.3767439,0.2032145,0.9037521,0,1.9,0
-0.3734275,0.2035116,0.9050608,0,1.9,0
-0.3683772,0.203831,0.9070563,0,1.9,0
-0.364542,0.2041247,0.9085385,0,1.9,0
-0.359527,0.2041247,0.9105347,0,1.9,0
-0.3551537,0.2041247,0.9122494,0,1.9,0
-0.3491242,0.2041247,0.9145739,0,1.9,0
-0.34478,0.2041247,0.9162204,0,1.9,0
-0.3366372,0.2037762,0.9193208,0,1.9,0
-0.3287486,0.2031272,0.9223143,0,1.9,0
-0.3197819,0.202101,0.9256861,0,1.9,0
-0.3132145,0.2011875,0.9281273,0,1.9,0
-0.3051442,0.2000804,0.9310504,0,1.9,0
-0.2993273,0.1992758,0.933109,0,1.9,0
-0.2932829,0.1982507,0.9352443,0,1.9,0
-0.2868713,0.197208,0.9374508,0,1.9,0
-0.2793163,0.1957835,0.9400272,0,1.9,0
-0.2681322,0.1934932,0.9437508,0,1.9,0
-0.2610334,0.1921637,0.9460099,0,1.9,0
-0.2533818,0.1904452,0.9484347,0,1.9,0
-0.2414018,0.1879442,0.9520515,0,1.9,0
-0.233519,0.1863039,0.9543374,0,1.9,0
-0.2259107,0.1843942,0.9565371,0,1.9,0
-0.2146136,0.1815371,0.9596798,0,1.9,0
-0.2064411,0.1793554,0.9618803,0,1.9,0
-0.1982342,0.1771697,0.9640094,0,1.9,0
-0.185572,0.1733517,0.9672188,0,1.9,0
-0.1760057,0.1705893,0.9694954,0,1.9,0
-0.162814,0.1663029,0.9725405,0,1.9,0
-0.1542041,0.1634639,0.9744232,0,1.9,0
-0.1425981,0.1593329,0.976872,0,1.9,0
-0.1345245,0.1565078,0.9784725,0,1.9,0
-0.1262618,0.1533573,0.9800712,0,1.9,0
-0.1180972,0.1505103,0.9815293,0,1.9,0
-0.10877,0.1469662,0.9831429,0,1.9,0
-0.09954342,0.1431212,0.9846864,0,1.9,0
-0.0909301,0.1396936,0.9860108,0,1.9,0
-0.08257906,0.1360062,0.9872603,0,1.9,0
-0.06872762,0.1299806,0.9891317,0,1.9,0
-0.05904163,0.1255519,0.9903286,0,1.9,0
-0.04586962,0.1195383,0.9917694,0,1.9,0
-0.03697137,0.1153375,0.9926381,0,1.9,0
-0.02857044,0.1113904,0.9933659,0,1.9,0
-0.01993241,0.107335,0.9940231,0,1.9,0
-0.006322262,0.1006831,0.9948984,0,1.9,0
0.002442831,0.09644146,0.9953356,0,1.9,0
0.01094221,0.09233002,0.9956684,0,1.9,0
0.01933022,0.08785914,0.9959453,0,1.9,0
0.02697304,0.08390898,0.9961083,0,1.9,0
0.03821518,0.07801186,0.9962198,0,1.9,0
0.04557624,0.07407172,0.9962109,0,1.9,0
0.05392779,0.06930322,0.996137,0,1.9,0
0.06130441,0.06509033,0.9959945,0,1.9,0
0.0734301,0.05807105,0.9956083,0,1.9,0
0.08122665,0.0534488,0.9952615,0,1.9,0
0.08838985,0.04903655,0.9948782,0,1.9,0
0.09886727,0.04193808,0.9942165,0,1.9,0
0.1058628,0.03716915,0.9936858,0,1.9,0
0.1128976,0.03187622,0.9930952,0,1.9,0
0.1230588,0.02378181,0.9921144,0,1.9,0
0.1315827,0.01692097,0.9911608,0,1.9,0
0.1368552,0.01240603,0.9905134,0,1.9,0
0.142891,0.006926572,0.9897142,0,1.9,0
0.1511353,-0.00140492,0.9885121,0,1.9,0
0.1563778,-0.007009116,0.9876724,0,1.9,0
0.1623154,-0.01389614,0.986641,0,1.9,0
0.1663616,-0.01938566,0.9858742,0,1.9,0
0.1700235,-0.02445297,0.9851366,0,1.9,0
0.1735251,-0.02968423,0.984382,0,1.9,0
0.1766621,-0.03477547,0.9836571,0,1.9,0
0.1790858,-0.04005054,0.9830179,0,1.9,0
0.1824588,-0.04791048,0.9820455,0,1.9,0
0.1843321,-0.05321959,0.9814221,0,1.9,0
0.1858612,-0.05859551,0.9808273,0,1.9,0
0.1870787,-0.06807193,0.9799836,0,1.9,0
0.1878484,-0.07413673,0.9793961,0,1.9,0
0.1877567,-0.08041579,0.9789181,0,1.9,0
0.1876198,-0.08897141,0.978204,0,1.9,0
0.1869781,-0.0949874,0.977761,0,1.9,0
0.1855363,-0.1012021,0.9774121,0,1.9,0
0.1836006,-0.1075265,0.9771023,0,1.9,0
0.1813749,-0.1141697,0.9767643,0,1.9,0
0.1786795,-0.120421,0.9765103,0,1.9,0
0.1733678,-0.1307446,0.9761401,0,1.9,0
0.168935,-0.1387872,0.9758069,0,1.9,0
0.1641098,-0.1462696,0.9755374,0,1.9,0
0.1590232,-0.1535966,0.9752536,0,1.9,0
0.1501343,-0.1651006,0.9747828,0,1.9,0
0.139862,-0.1773713,0.9741551,0,1.9,0
0.1269082,-0.191182,0.9733158,0,1.9,0
0.1144582,-0.2040332,0.9722499,0,1.9,0
0.1057907,-0.2122823,0.9714652,0,1.9,0
0.09525241,-0.2214446,0.9705098,0,1.9,0
0.08140825,-0.2333136,0.9689878,0,1.9,0
0.07037258,-0.2421516,0.967683,0,1.9,0
0.05440274,-0.2543074,0.9655921,0,1.9,0
0.04144428,-0.2637093,0.9637114,0,1.9,0
0.02540089,-0.2748986,0.9611377,0,1.9,0
0.006359123,-0.2874475,0.9577753,0,1.9,0
-0.005790093,-0.2953706,0.9553652,0,1.9,0
-0.01813619,-0.3030076,0.9528156,0,1.9,0
-0.03674062,-0.3139992,0.9487121,0,1.9,0
-0.04929433,-0.3216089,0.9455886,0,1.9,0
-0.06268628,-0.3293271,0.9421328,0,1.9,0
-0.07528873,-0.3363648,0.9387174,0,1.9,0
-0.08772506,-0.3433647,0.9350963,0,1.9,0
-0.1063425,-0.3534654,0.9293834,0,1.9,0
-0.1210441,-0.3610493,0.9246576,0,1.9,0
-0.1339479,-0.3677437,0.9202296,0,1.9,0
-0.1525943,-0.3770614,0.9135314,0,1.9,0
-0.1671904,-0.3839991,0.9080705,0,1.9,0
-0.1851344,-0.3925552,0.9009027,0,1.9,0
-0.1977355,-0.3984952,0.8956016,0,1.9,0
-0.210816,-0.4041949,0.8900467,0,1.9,0
-0.2229723,-0.4096355,0.8845802,0,1.9,0
-0.2344877,-0.4146788,0.8792366,0,1.9,0
-0.2532239,-0.4222654,0.8703848,0,1.9,0
-0.2650096,-0.4269081,0.864592,0,1.9,0
-0.3409218,-0.4554948,0.8223727,0,1.9,0
-0.3521846,-0.4594467,0.8153985,0,1.9,0
-0.3629029,-0.4630638,0.8086244,0,1.9,0
-0.3785846,-0.4677333,0.798686,0,1.9,0
-0.3893775,-0.4706733,0.7917398,0,1.9,0
-0.4059895,-0.4750414,0.7807101,0,1.9,0
-0.4171812,-0.477787,0.7730973,0,1.9,0
-0.431195,-0.480818,0.763469,0,1.9,0
-0.4416627,-0.4826238,0.7563123,0,1.9,0
-0.4557613,-0.4848003,0.7464921,0,1.9,0
-0.4647778,-0.4859979,0.7401268,0,1.9,0
-0.4739513,-0.4870196,0.733609,0,1.9,0
-0.4822763,-0.4877152,0.7276974,0,1.9,0
-0.4906407,-0.4884733,0.7215717,0,1.9,0
-0.5038977,-0.4890683,0.7119685,0,1.9,0
-0.5154362,-0.4890683,0.7036602,0,1.9,0
-0.5225976,-0.4890684,0.6983579,0,1.9,0
-0.5331672,-0.4887823,0.6905248,0,1.9,0
-0.5403537,-0.4879614,0.6855009,0,1.9,0
-0.5501058,-0.4864833,0.6787619,0,1.9,0
-0.5585199,-0.484634,0.6731905,0,1.9,0
-0.5641125,-0.4831649,0.6695735,0,1.9,0
-0.5696344,-0.4815436,0.6660573,0,1.9,0
-0.5762707,-0.47888,0.6622583,0,1.9,0
-0.5805651,-0.47704,0.659831,0,1.9,0
-0.5848055,-0.474854,0.6576596,0,1.9,0
-0.5913168,-0.470871,0.6546945,0,1.9,0
-0.5953845,-0.4678459,0.6531749,0,1.9,0
-0.5991902,-0.464868,0.6518196,0,1.9,0
-0.6040783,-0.4603778,0.6504934,0,1.9,0
-0.6072614,-0.4572796,0.6497145,0,1.9,0
-0.6104578,-0.4538174,0.6491465,0,1.9,0
-0.6132845,-0.4502125,0.6489921,0,1.9,0
-0.6161559,-0.4465341,0.6488137,0,1.9,0
-0.6188338,-0.4423518,0.6491299,0,1.9,0
-0.6227149,-0.4358899,0.6497895,0,1.9,0
-0.6251436,-0.4313381,0.6504943,0,1.9,0
-0.627193,-0.4272319,0.6512311,0,1.9,0
-0.6300816,-0.4206684,0.6527138,0,1.9,0
-0.6321498,-0.4158979,0.6537703,0,1.9,0
-0.6340343,-0.4105355,0.655333,0,1.9,0
-0.6365909,-0.4022692,0.6579754,0,1.9,0
-0.6381783,-0.3970326,0.6596163,0,1.9,0
-0.6394555,-0.3903494,0.6623625,0,1.9,0
-0.640644,-0.3840515,0.6648908,0,1.9,0
-0.6413432,-0.37694,0.6682778,0,1.9,0
-0.6417413,-0.3714759,0.6709499,0,1.9,0
-0.6417328,-0.3662292,0.6738362,0,1.9,0
-0.6416233,-0.3610312,0.6767393,0,1.9,0
-0.6413752,-0.3558114,0.6797324,0,1.9,0
-0.6404695,-0.3473708,0.6849324,0,1.9,0
-0.6395634,-0.3412913,0.6888243,0,1.9,0
-0.6386082,-0.3358331,0.6923841,0,1.9,0
-0.6367705,-0.3268623,0.698344,0,1.9,0
-0.63534,-0.3203801,0.7026378,0,1.9,0
-0.633235,-0.3121843,0.708205,0,1.9,0
-0.631586,-0.3060971,0.7123228,0,1.9,0
-0.6298252,-0.3000107,0.7164593,0,1.9,0
-0.6277598,-0.2941319,0.720697,0,1.9,0
-0.6244064,-0.2837407,0.7277417,0,1.9,0
-0.622089,-0.2771007,0.7322708,0,1.9,0
-0.6198416,-0.2704025,0.7366675,0,1.9,0
-0.6164541,-0.2602952,0.7431223,0,1.9,0
-0.6143866,-0.2532495,0.7472575,0,1.9,0
-0.6121831,-0.2468137,0.7512089,0,1.9,0
-0.6089203,-0.2367205,0.7570862,0,1.9,0
-0.6068345,-0.2297758,0.7608909,0,1.9,0
-0.6044254,-0.2226395,0.7649193,0,1.9,0
-0.6021237,-0.2149169,0.7689328,0,1.9,0
-0.5987679,-0.2048209,0.7742903,0,1.9,0
-0.5964834,-0.1975652,0.7779303,0,1.9,0
-0.5926256,-0.1860908,0.7836869,0,1.9,0
-0.5900769,-0.1793806,0.787167,0,1.9,0
-0.587763,-0.1728671,0.790349,0,1.9,0
-0.5853531,-0.1661953,0.7935622,0,1.9,0
-0.5825056,-0.1590498,0.7971138,0,1.9,0
-0.5798534,-0.1522915,0.8003607,0,1.9,0
-0.5750562,-0.1413561,0.8058094,0,1.9,0
-0.5716683,-0.1338727,0.8094896,0,1.9,0
-0.5686119,-0.1273647,0.8126861,0,1.9,0
-0.5632852,-0.11726,0.8178997,0,1.9,0
-0.5595778,-0.1097921,0.8214734,0,1.9,0
-0.5543863,-0.100556,0.8261624,0,1.9,0
-0.5502552,-0.09330662,0.8297669,0,1.9,0
-0.5462935,-0.08643395,0.8331223,0,1.9,0
-0.5424352,-0.08046316,0.8362355,0,1.9,0
-0.5366779,-0.07102388,0.8407928,0,1.9,0
-0.5301791,-0.06004447,0.8457569,0,1.9,0
-0.5261538,-0.05340632,0.8487108,0,1.9,0
-0.522286,-0.04698922,0.8514748,0,1.9,0
-0.5167328,-0.03779998,0.8553119,0,1.9,0
-0.5132713,-0.03168873,0.8576412,0,1.9,0
-0.5097865,-0.02530305,0.8599288,0,1.9,0
-0.5068778,-0.01945566,0.8617983,0,1.9,0
-0.5040728,-0.01338838,0.8635574,0,1.9,0
-0.4998068,-0.0046766,0.8661243,0,1.9,0
-0.4962352,0.004197289,0.868178,0,1.9,0
-0.4941591,0.009722242,0.8693172,0,1.9,0
-0.4920717,0.01522986,0.8704214,0,1.9,0
-0.4903392,0.02075275,0.8712845,0,1.9,0
-0.4888461,0.02622092,0.8719759,0,1.9,0
-0.4872102,0.03214674,0.8726929,0,1.9,0
-0.4861874,0.03748387,0.8730503,0,1.9,0
-0.4847691,0.04476399,0.8734959,0,1.9,0
-0.4839448,0.04988265,0.8736757,0,1.9,0
-0.4831284,0.05860378,0.8735861,0,1.9,0
-0.4829722,0.06386501,0.8733036,0,1.9,0
-0.4826974,0.07218993,0.8728068,0,1.9,0
-0.4824003,0.08022403,0.8722695,0,1.9,0
-0.4827139,0.08573854,0.8715711,0,1.9,0
-0.4831837,0.09191747,0.8706806,0,1.9,0
-0.4839624,0.09607638,0.8697987,0,1.9,0
-0.4851741,0.1004119,0.8686332,0,1.9,0
-0.4872357,0.1077444,0.8665982,0,1.9,0
-0.4890417,0.1121464,0.865021,0,1.9,0
-0.4917806,0.1177117,0.8627259,0,1.9,0
-0.4941676,0.1215482,0.8608278,0,1.9,0
-0.4968182,0.1251413,0.8587848,0,1.9,0
-0.4998865,0.1283897,0.8565218,0,1.9,0
-0.5052282,0.1334841,0.8525998,0,1.9,0
-0.509149,0.1364188,0.8497983,0,1.9,0
-0.5139323,0.1391896,0.8464631,0,1.9,0
-0.5193117,0.1421739,0.8426754,0,1.9,0
-0.5279931,0.1459045,0.8366213,0,1.9,0
-0.533886,0.1483084,0.8324484,0,1.9,0
-0.5440953,0.151512,0.82523,0,1.9,0
-0.5513719,0.1534077,0.8200336,0,1.9,0
-0.5589591,0.1553383,0.814515,0,1.9,0
-0.5665851,0.1569136,0.808925,0,1.9,0
-0.5744357,0.1582336,0.8031101,0,1.9,0
-0.6293797,0.1655993,0.7592484,0,1.9,0
-0.642018,0.167122,0.7482535,0,1.9,0
-0.6504878,0.1679126,0.7407233,0,1.9,0
-0.659116,0.1687079,0.7328736,0,1.9,0
-0.6679769,0.1695152,0.7246181,0,1.9,0
-0.6770591,0.1703342,0.715945,0,1.9,0
-0.6866871,0.1709058,0.7065777,0,1.9,0
-0.6993375,0.1714831,0.6939169,0,1.9,0
-0.7090299,0.1717791,0.6839359,0,1.9,0
-0.7240682,0.1721226,0.6679066,0,1.9,0
-0.733283,0.1724032,0.657703,0,1.9,0
-0.7454146,0.1724032,0.643921,0,1.9,0
-0.7589006,0.1724032,0.6279707,0,1.9,0
-0.7679228,0.1724032,0.6169049,0,1.9,0
-0.7759355,0.1724032,0.6067958,0,1.9,0
-0.7876874,0.1714636,0.5917337,0,1.9,0
-0.7946727,0.1709243,0.5824776,0,1.9,0
-0.8061805,0.1695857,0.5668455,0,1.9,0
-0.8169707,0.168251,0.5515891,0,1.9,0
-0.8233363,0.1673855,0.5423095,0,1.9,0
-0.8324969,0.1658324,0.5286289,0,1.9,0
-0.8414739,0.1642112,0.5147391,0,1.9,0
-0.8466318,0.1631649,0.5065488,0,1.9,0
-0.8516972,0.1617597,0.4984433,0,1.9,0
-0.8562211,0.1607321,0.4909691,0,1.9,0
-0.8604641,0.1594469,0.4839198,0,1.9,0
-0.8644095,0.1584385,0.4771723,0,1.9,0
-0.8713219,0.1557019,0.4653549,0,1.9,0
-0.8756222,0.1539076,0.4578191,0,1.9,0
-0.8812779,0.1516393,0.4476102,0,1.9,0
-0.886206,0.1491566,0.4386244,0,1.9,0
-0.8894082,0.1474682,0.4326733,0,1.9,0
-0.8924518,0.1457765,0.4269415,0,1.9,0
-0.8950406,0.1441921,0.4220321,0,1.9,0
-0.8974307,0.1426451,0.4174574,0,1.9,0
-0.9007341,0.1403472,0.4110728,0,1.9,0
-0.9030062,0.1384379,0.4067122,0,1.9,0
-0.9049219,0.1368634,0.4029698,0,1.9,0
-0.9070415,0.1348454,0.3988639,0,1.9,0
-0.910036,0.1315989,0.3930859,0,1.9,0
-0.911697,0.1296546,0.3898696,0,1.9,0
-0.9132553,0.1274499,0.3869387,0,1.9,0
-0.9153233,0.1246474,0.3829443,0,1.9,0
-0.9166493,0.1225878,0.380429,0,1.9,0
-0.9178274,0.1206395,0.3782052,0,1.9,0
-0.9192393,0.1177618,0.3756743,0,1.9,0
-0.9205994,0.1149606,0.3732034,0,1.9,0
-0.9215739,0.1122223,0.3716285,0,1.9,0
-0.9229181,0.1086302,0.3693531,0,1.9,0
-0.9235536,0.1062345,0.3684603,0,1.9,0
-0.9240938,0.1037956,0.3678004,0,1.9,0
-0.9245418,0.1012773,0.3673764,0,1.9,0
-0.9248782,0.09877519,0.3672109,0,1.9,0
-0.9252207,0.09498923,0.3673469,0,1.9,0
-0.9255728,0.09093234,0.3674866,0,1.9,0
-0.9256295,0.08740027,0.3682001,0,1.9,0
-0.9254861,0.08322599,0.3695256,0,1.9,0
-0.9251284,0.07895657,0.3713534,0,1.9,0
-0.9247953,0.07604681,0.3727875,0,1.9,0
-0.9243635,0.07285231,0.3744924,0,1.9,0
-0.92344,0.06884366,0.377517,0,1.9,0
-0.9226516,0.06566736,0.3800025,0,1.9,0
-0.9210063,0.06099131,0.3847438,0,1.9,0
-0.9196858,0.05771356,0.3883907,0,1.9,0
-0.9184443,0.05468478,0.3917524,0,1.9,0
-0.9160148,0.04987884,0.3980317,0,1.9,0
-0.9143707,0.0471222,0.4021267,0,1.9,0
-0.9118041,0.04301709,0.4083661,0,1.9,0
-0.9098289,0.04007821,0.4130439,0,1.9,0
-0.9076562,0.03735047,0.4180492,0,1.9,0
-0.9055963,0.0345371,0.4227324,0,1.9,0
-0.9028867,0.03155047,0.4287192,0,1.9,0
-0.9002833,0.02859017,0.4343648,0,1.9,0
-0.8965914,0.02440572,0.4421858,0,1.9,0
-0.8936666,0.02133053,0.4482246,0,1.9,0
-0.8907411,0.018463,0.454136,0,1.9,0
-0.8878039,0.01559408,0.4599576,0,1.9,0
-0.8831957,0.01120407,0.468871,0,1.9,0
-0.8801353,0.00820596,0.4746522,0,1.9,0
-0.8771579,0.005331416,0.4801723,0,1.9,0
-0.8741736,0.002489659,0.4856071,0,1.9,0
-0.8705927,-0.0008702896,0.4920038,0,1.9,0
-0.8661999,-0.004737904,0.4996753,0,1.9,0
-0.8625044,-0.008089337,0.5059849,0,1.9,0
-0.8591051,-0.01097363,0.5116816,0,1.9,0
-0.8559027,-0.0138005,0.5169529,0,1.9,0
-0.8526586,-0.01675069,0.5221998,0,1.9,0
-0.8481542,-0.02041483,0.5293561,0,1.9,0
-0.844677,-0.02309851,0.5347779,0,1.9,0
-0.8407516,-0.02609085,0.5407922,0,1.9,0
-0.8372598,-0.02895498,0.5460381,0,1.9,0
-0.8322777,-0.03229376,0.5534176,0,1.9,0
-0.8285856,-0.03500185,0.5587673,0,1.9,0
-0.8221821,-0.03917656,0.567875,0,1.9,0
-0.8182185,-0.04162375,0.5733986,0,1.9,0
-0.8144128,-0.04351572,0.5786521,0,1.9,0
-0.8106549,-0.04554233,0.5837506,0,1.9,0
-0.8067877,-0.04760803,0.5889203,0,1.9,0
-0.8030892,-0.04914439,0.5938289,0,1.9,0
-0.7982361,-0.05098933,0.6001827,0,1.9,0
-0.7941337,-0.05265983,0.6054575,0,1.9,0
-0.7883219,-0.05465118,0.6128311,0,1.9,0
-0.7832407,-0.0559542,0.6191956,0,1.9,0
-0.7766856,-0.05757697,0.6272516,0,1.9,0
-0.7726581,-0.05836798,0.6321334,0,1.9,0
-0.7687615,-0.05916031,0.6367934,0,1.9,0
-0.7649977,-0.05969139,0.641261,0,1.9,0
-0.7584668,-0.06038494,0.6489083,0,1.9,0
-0.7520168,-0.06111188,0.6563049,0,1.9,0
-0.7467108,-0.06172649,0.6622786,0,1.9,0
-0.7435079,-0.06199287,0.6658475,0,1.9,0
-0.7384506,-0.06232011,0.6714216,0,1.9,0
-0.7355097,-0.06232011,0.6746419,0,1.9,0
-0.7310447,-0.0626481,0.6794475,0,1.9,0
-0.7285577,-0.06292713,0.6820879,0,1.9,0
-0.726141,-0.06292714,0.6846601,0,1.9,0
-0.7232593,-0.06292714,0.6877037,0,1.9,0
-0.7212802,-0.06292713,0.689779,0,1.9,0
-0.719458,-0.06292713,0.6916795,0,1.9,0
-0.71722,-0.06292713,0.6939997,0,1.9,0
-0.7151495,-0.06292713,0.6961331,0,1.9,0
-0.7141616,-0.06264035,0.6971725,0,1.9,0
-0.7134207,-0.06237105,0.6979547,0,1.9,0
-0.7130281,-0.06208122,0.6983816,0,1.9,0
-0.7124389,-0.06179462,0.699008,0,1.9,0
-0.7122338,-0.06148211,0.6992446,0,1.9,0
-0.7120234,-0.06116188,0.6994869,0,1.9,0
-0.7120364,-0.06086402,0.6994996,0,1.9,0
-0.7120364,-0.06086402,0.6994996,0,1.9,0
-0.7120497,-0.06055783,0.6995127,0,1.9,0
-0.7120726,-0.06002659,0.6995351,0,1.9,0
-0.712128,-0.05872159,0.6995896,0,1.9,0
-0.7123502,-0.058155,0.6994106,0,1.9,0
-0.7125961,-0.05752727,0.6992121,0,1.9,0
-0.7128487,-0.05688082,0.6990074,0,1.9,0
-0.7134281,-0.0560981,0.6984793,0,1.9,0
-0.7148576,-0.05370957,0.6972044,0,1.9,0
-0.7150915,-0.05310589,0.6970108,0,1.9,0
-0.7151028,-0.05280796,0.6970218,0,1.9,0
-0.7153323,-0.05249593,0.6968098,0,1.9,0
-0.7153323,-0.05249593,0.6968098,0,1.9,0
-0.715343,-0.05221094,0.6968203,0,1.9,0
-0.715355,-0.05189093,0.6968319,0,1.9,0
-0.7155803,-0.05189093,0.6966005,0,1.9,0
-0.7155906,-0.05161386,0.6966105,0,1.9,0
-0.7155906,-0.05161386,0.6966105,0,1.9,0
-0.7156007,-0.05133867,0.6966205,0,1.9,0
-0.7156007,-0.05133867,0.6966205,0,1.9,0
-0.7156104,-0.05107627,0.6966298,0,1.9,0
-0.7156104,-0.05107627,0.6966298,0,1.9,0
-0.7154232,-0.05079345,0.6968426,0,1.9,0
-0.7154334,-0.05051494,0.6968524,0,1.9,0
-0.7152184,-0.05018994,0.6970966,0,1.9,0
-0.7148073,-0.04988775,0.6975399,0,1.9,0
-0.7146236,-0.04961074,0.6977477,0,1.9,0
-0.7144296,-0.04931826,0.6979671,0,1.9,0
-0.7140182,-0.04869866,0.6984314,0,1.9,0
-0.7136301,-0.04811475,0.6988685,0,1.9,0
-0.7130396,-0.04782893,0.6994905,0,1.9,0
-0.7124388,-0.04692793,0.7001633,0,1.9,0
-0.7116238,-0.04633278,0.7010313,0,1.9,0
-0.7104504,-0.04565179,0.7022651,0,1.9,0
-0.7073647,-0.0431569,0.70553,0,1.9,0
-0.7046767,-0.04143615,0.7083175,0,1.9,0
-0.7034458,-0.04055067,0.7095912,0,1.9,0
-0.7021722,-0.03932377,0.7109205,0,1.9,0
-0.700285,-0.03797347,0.7128528,0,1.9,0
-0.698623,-0.03648518,0.7145592,0,1.9,0
-0.6960821,-0.03431183,0.7171419,0,1.9,0
-0.693881,-0.03243791,0.7193586,0,1.9,0
-0.6924468,-0.03128002,0.7207905,0,1.9,0
-0.6907966,-0.02952746,0.722446,0,1.9,0
-0.6885089,-0.02727244,0.7247149,0,1.9,0
-0.6868061,-0.02547922,0.726394,0,1.9,0
-0.6832244,-0.0208796,0.7299099,0,1.9,0
-0.6808491,-0.01790743,0.7322049,0,1.9,0
-0.6786127,-0.01446173,0.734354,0,1.9,0
-0.6764047,-0.01108157,0.736447,0,1.9,0
-0.6750534,-0.008920127,0.7377149,0,1.9,0
-0.6734528,-0.005793718,0.7392075,0,1.9,0
-0.6717504,-0.002157913,0.7407745,0,1.9,0
-0.6708004,8.866402E-05,0.7416379,0,1.9,0
-0.6698321,0.00333881,0.7425053,0,1.9,0
-0.6686223,0.007202076,0.7435673,0,1.9,0
-0.6675908,0.01026721,0.7444576,0,1.9,0
-0.6664971,0.01587747,0.7453386,0,1.9,0
-0.6660343,0.01875735,0.7456852,0,1.9,0
-0.6659941,0.0217382,0.7456402,0,1.9,0
-0.6659272,0.02595197,0.7455652,0,1.9,0
-0.6658363,0.03075864,0.7454636,0,1.9,0
-0.6659915,0.03574872,0.7451022,0,1.9,0
-0.6665767,0.03869288,0.7444316,0,1.9,0
-0.6674095,0.04281856,0.7434589,0,1.9,0
-0.668263,0.04711292,0.7424318,0,1.9,0
-0.6691685,0.0513322,0.7413357,0,1.9,0
-0.6703279,0.05517941,0.7400107,0,1.9,0
-0.6711349,0.05727307,0.7391196,0,1.9,0
-0.6739239,0.06401296,0.7360225,0,1.9,0
-0.6760351,0.06849922,0.7336788,0,1.9,0
-0.6772838,0.0711152,0.7322768,0,1.9,0
-0.6785253,0.07292901,0.730948,0,1.9,0
-0.6800249,0.07512926,0.7293296,0,1.9,0
-0.6826836,0.0781297,0.7265251,0,1.9,0
-0.6838678,0.07957456,0.7252535,0,1.9,0
-0.6859734,0.08125592,0.7230753,0,1.9,0
-0.6874914,0.08263236,0.7214758,0,1.9,0
-0.6896834,0.08421174,0.7191976,0,1.9,0
-0.6915435,0.08555704,0.71725,0,1.9,0
-0.6934724,0.08679564,0.715236,0,1.9,0
-0.6960362,0.08834137,0.7125514,0,1.9,0
-0.6981564,0.08957177,0.7103201,0,1.9,0
-0.7001116,0.09071058,0.708248,0,1.9,0
-0.70279,0.09221461,0.7053954,0,1.9,0
-0.7061679,0.09398079,0.7017796,0,1.9,0
-0.7081402,0.09514635,0.6996318,0,1.9,0
-0.7108687,0.09638045,0.6966897,0,1.9,0
-0.7138712,0.09774531,0.6934218,0,1.9,0
-0.7156549,0.09862987,0.6914551,0,1.9,0
-0.7180945,0.09984437,0.6887463,0,1.9,0
-0.7196084,0.1004066,0.6870824,0,1.9,0
-0.7208071,0.1007014,0.6857815,0,1.9,0
-0.7226916,0.1010482,0.6837442,0,1.9,0
-0.7239717,0.1013647,0.6823417,0,1.9,0
-0.7245781,0.1013646,0.6816977,0,1.9,0
-0.7256353,0.1013647,0.6805723,0,1.9,0
-0.7260575,0.1013646,0.6801219,0,1.9,0
-0.7262477,0.1013646,0.6799188,0,1.9,0
-0.7264741,0.1010657,0.6797214,0,1.9,0
-0.7266803,0.1007934,0.6795413,0,1.9,0
-0.7269137,0.1004851,0.6793374,0,1.9,0
-0.7269387,0.1001449,0.6793608,0,1.9,0
-0.727163,0.09984852,0.6791645,0,1.9,0
-0.7272066,0.09924937,0.6792055,0,1.9,0
-0.7272588,0.09853166,0.6792542,0,1.9,0
-0.7273001,0.09795921,0.6792927,0,1.9,0
-0.7273208,0.09767229,0.679312,0,1.9,0
-0.7273861,0.09675638,0.679373,0,1.9,0
-0.7274067,0.09646547,0.6793923,0,1.9,0
-0.7274767,0.09547294,0.6794576,0,1.9,0
-0.7274964,0.09519044,0.6794761,0,1.9,0
-0.7275342,0.09464911,0.6795113,0,1.9,0
-0.7276073,0.093592,0.6795796,0,1.9,0
-0.7274512,0.09302031,0.679825,0,1.9,0
-0.7274904,0.09244509,0.6798615,0,1.9,0
-0.7275295,0.09186716,0.6798981,0,1.9,0
-0.7273754,0.09130535,0.6801385,0,1.9,0
-0.7272421,0.09047697,0.6803918,0,1.9,0
-0.7272807,0.08989177,0.680428,0,1.9,0
-0.7271248,0.089327,0.680669,0,1.9,0
-0.7269726,0.08839131,0.6809536,0,1.9,0
-0.7267782,0.08769059,0.6812516,0,1.9,0
-0.7268143,0.08712672,0.6812855,0,1.9,0
-0.7266762,0.08628762,0.6815395,0,1.9,0
-0.7267163,0.08565147,0.681577,0,1.9,0
-0.7265459,0.08504215,0.6818349,0,1.9,0
-0.7266057,0.08407657,0.681891,0,1.9,0
-0.726646,0.08341961,0.6819288,0,1.9,0
-0.7263947,0.08015905,0.6825873,0,1.9,0
-0.7264306,0.07954232,0.6826212,0,1.9,0
-0.7262689,0.07897423,0.6828591,0,1.9,0
-0.7260588,0.077746,0.6832235,0,1.9,0
-0.7259005,0.07719358,0.6834541,0,1.9,0
-0.7259329,0.07662066,0.6834843,0,1.9,0
-0.7255005,0.07593442,0.6840197,0,1.9,0
-0.7252827,0.07468057,0.6843888,0,1.9,0
-0.7248359,0.07434183,0.6848987,0,1.9,0
-0.7242579,0.07390403,0.6855572,0,1.9,0
-0.7240664,0.07360179,0.685792,0,1.9,0
-0.7238808,0.07330931,0.6860192,0,1.9,0
-0.7236789,0.07330932,0.6862321,0,1.9,0
-0.7231907,0.07330932,0.6867466,0,1.9,0
-0.722975,0.07330932,0.6869736,0,1.9,0
-0.722975,0.07330932,0.6869736,0,1.9,0
-0.7227444,0.07330932,0.6872163,0,1.9,0
-0.7225486,0.0733093,0.6874221,0,1.9,0
-0.722533,0.07360369,0.6874071,0,1.9,0
-0.722533,0.07360369,0.6874071,0,1.9,0
-0.722533,0.07360369,0.6874071,0,1.9,0
-0.7225192,0.07386228,0.687394,0,1.9,0
-0.7222896,0.07417123,0.6876019,0,1.9,0
-0.7222896,0.07417123,0.6876019,0,1.9,0
-0.7222741,0.0744599,0.6875871,0,1.9,0
-0.7222561,0.07479152,0.68757,0,1.9,0
-0.7222385,0.07511368,0.6875533,0,1.9,0
-0.7222233,0.07539243,0.6875388,0,1.9,0
-0.722207,0.07568987,0.6875232,0,1.9,0
-0.722186,0.07606906,0.6875033,0,1.9,0
-0.722186,0.07606906,0.6875033,0,1.9,0
-0.7221688,0.07638125,0.6874869,0,1.9,0
-0.7221688,0.07638125,0.6874869,0,1.9,0
-0.7221688,0.07638125,0.6874869,0,1.9,0
-0.7221688,0.07638125,0.6874869,0,1.9,0
-0.7221688,0.07638125,0.6874869,0,1.9,0
-0.7221688,0.07638125,0.6874869,0,1.9,0
-0.7221688,0.07638125,0.6874869,0,1.9,0
-0.7221688,0.07638125,0.6874869,0,1.9,0
-0.7221688,0.07638125,0.6874869,0,1.9,0
-0.7221688,0.07638125,0.6874869,0,1.9,0
-0.7221688,0.07638125,0.6874869,0,1.9,0
-0.7221688,0.07638125,0.6874869,0,1.9,0
-0.7221688,0.07638125,0.6874869,0,1.9,0
-0.7221688,0.07638125,0.6874869,0,1.9,0
-0.7221688,0.07638125,0.6874869,0,1.9,0
-0.7221688,0.07638125,0.6874869,0,1.9,0
-0.7221688,0.07638125,0.6874869,0,1.9,0
-0.7221688,0.07638125,0.6874869,0,1.9,0
-0.7221688,0.07638125,0.6874869,0,1.9,0
-0.7221688,0.07638125,0.6874869,0,1.9,0
-0.7221688,0.07638125,0.6874869,0,1.9,0
-0.7221688,0.07638125,0.6874869,0,1.9,0
-0.7221688,0.07638125,0.6874869,0,1.9,0
-0.7221688,0.07638125,0.6874869,0,1.9,0
-0.7221688,0.07638125,0.6874869,0,1.9,0
-0.7221688,0.07638125,0.6874869,0,1.9,0
-0.7221688,0.07638125,0.6874869,0,1.9,0
-0.7221688,0.07638125,0.6874869,0,1.9,0
-0.7221688,0.07638125,0.6874869,0,1.9,0
-0.7221688,0.07638125,0.6874869,0,1.9,0
-0.7221688,0.07638125,0.6874869,0,1.9,0
-0.7221688,0.07638125,0.6874869,0,1.9,0
-0.7221688,0.07638125,0.6874869,0,1.9,0
-0.7221688,0.07638125,0.6874869,0,1.9,0
-0.7221688,0.07638125,0.6874869,0,1.9,0
-0.7221688,0.07638125,0.6874869,0,1.9,0
-0.7221688,0.07638125,0.6874869,0,1.9,0
-0.7221688,0.07638125,0.6874869,0,1.9,0
-0.7221688,0.07638125,0.6874869,0,1.9,0
-0.7221688,0.07638125,0.6874869,0,1.9,0
-0.7221688,0.07638125,0.6874869,0,1.9,0
-0.7221688,0.07638125,0.6874869,0,1.9,0
-0.7221688,0.07638125,0.6874869,0,1.9,0
-0.7221688,0.07638125,0.6874869,0,1.9,0
-0.7221688,0.07638125,0.6874869,0,1.9,0
-0.7221688,0.07638125,0.6874869,0,1.9,0
-0.7221688,0.07638125,0.6874869,0,1.9,0
-0.7221688,0.07638125,0.6874869,0,1.9,0
-0.7221688,0.07638125,0.6874869,0,1.9,0
-0.7221688,0.07638125,0.6874869,0,1.9,0
-0.7221688,0.07638125,0.6874869,0,1.9,0
-0.7221688,0.07638125,0.6874869,0,1.9,0
-0.7221688,0.07638125,0.6874869,0,1.9,0
-0.7221688,0.07638125,0.6874869,0,1.9,0
-0.7221688,0.07638125,0.6874869,0,1.9,0
-0.7221688,0.07638125,0.6874869,0,1.9,0
-0.7221688,0.07638125,0.6874869,0,1.9,0
-0.7221688,0.07638125,0.6874869,0,1.9,0
-0.7221688,0.07638125,0.6874869,0,1.9,0
-0.7221688,0.07638125,0.6874869,0,1.9,0
-0.7221688,0.07638125,0.6874869,0,1.9,0
-0.7221688,0.07638125,0.6874869,0,1.9,0
-0.7221688,0.07638125,0.6874869,0,1.9,0
-0.7221688,0.07638125,0.6874869,0,1.9,0
-0.7221688,0.07638125,0.6874869,0,1.9,0
-0.7221688,0.07638125,0.6874869,0,1.9,0
