0,0,1,0,2.18,0
0,0,1,0,2.156432,0
0,0,1,0,2.092864,0
0,0,1,0,1.9,0
0,0,1,0,1.9,0
0,0,1,0,1.9,0
0,0,1,0,1.9,0
0,0,1,0,1.9,0
0,0,1,0,1.9,0
0,0,1,0,1.9,0
0,0,1,0,1.9,0
0,0,1,0,1.9,0
0,0,1,0,1.9,0
0,0,1,0,1.9,0
0,0,1,0,1.9,0
0,0,1,0,1.9,0
0,0,1,0,1.9,0
0,0,1,0,1.9,0
0,0,1,0,1.9,0
0,0,1,0,1.9,0
0,0,1,0,1.9,0
0,0,1,0,1.9,0
0,0,1,0,1.9,0
0,0,1,0,1.9,0
0,0,1,0,1.9,0
0,0,1,0,1.9,0
0,0,1,0,1.9,0
0,0,1,0,1.9,0
0,0,1,0,1.9,0
0,0,1,0,1.9,0
0,0,1,0,1.9,0
0,0,1,0,1.9,0
0,0,1,0,1.9,0
0,0,1,0,1.9,0
0,0,1,0,1.9,0
0,0,1,0,1.9,0
0,0,1,0,1.9,0
0,0,1,0,1.9,0
0,0,1,0,1.9,0
0,0,1,0,1.9,0
0,0,1,0,1.9,0
0,0,1,0,1.9,0
0,0,1,0,1.9,0
0,0,1,0,1.9,0
0,0,1,0,1.9,0
0,0,1,0,1.9,0
0,0,1,0,1.9,0
0,0,1,0,1.9,0
0,0,1,0,1.9,0
0,0,1,0,1.9,0
0,0,1,0,1.9,0
0,0,1,0,1.9,0
0,0,1,0,1.9,0
0,0,1,0,1.9,0
0,0,1,0,1.9,0
0,0,1,0,1.9,0
0,0,1,0,1.9,0
0,0,1,0,1.9,0
0,0,1,0,1.9,0
0,0,1,0,1.9,0
0,0,1,0,1.9,0
0,0,1,0,1.9,0
0,0,1,0,1.9,0
-0.0005178043,0.0005178044,0.9999998,0,1.9,0
-0.001595265,0.0008769583,0.9999983,0,1.9,0
-0.0021922,0.001175427,0.9999969,0,1.9,0
-0.002499637,0.001790306,0.9999953,0,1.9,0
-0.003163221,0.002453896,0.999992,0,1.9,0
-0.003423907,0.002714586,0.9999905,0,1.9,0
-0.003695937,0.002986621,0.9999887,0,1.9,0
-0.004002178,0.003599123,0.9999855,0,1.9,0
-0.004261963,0.003858914,0.9999835,0,1.9,0
-0.004540673,0.004137632,0.9999811,0,1.9,0
-0.00483694,0.004433908,0.9999785,0,1.9,0
-0.005140945,0.004737924,0.9999756,0,1.9,0
-0.005424537,0.005021527,0.9999727,0,1.9,0
-0.005785953,0.005744415,0.9999667,0,1.9,0
-0.006045257,0.006003733,0.9999637,0,1.9,0
-0.006330175,0.006573624,0.9999583,0,1.9,0
-0.006938241,0.006877671,0.9999523,0,1.9,0
-0.007238594,0.00747845,0.9999458,0,1.9,0
-0.00780972,0.008049628,0.9999371,0,1.9,0
-0.008130636,0.008370573,0.9999319,0,1.9,0
-0.008414034,0.00893747,0.9999247,0,1.9,0
-0.008696123,0.009219591,0.9999197,0,1.9,0
-0.009044354,0.009567864,0.9999133,0,1.9,0
-0.009331515,0.009855063,0.9999079,0,1.9,0
-0.009579845,0.01010343,0.9999031,0,1.9,0
-0.009579845,0.01010343,0.9999031,0,1.9,0
-0.009579845,0.01010343,0.9999031,0,1.9,0
-0.009579845,0.01010343,0.9999031,0,1.9,0
-0.009914392,0.01010343,0.9998998,0,1.9,0
-0.009914392,0.01010343,0.9998998,0,1.9,0
-0.009914392,0.01010343,0.9998998,0,1.9,0
-0.009914392,0.01010343,0.9998998,0,1.9,0
-0.009914392,0.01010343,0.9998998,0,1.9,0
-0.009914392,0.01010343,0.9998998,0,1.9,0
-0.009914392,0.01010343,0.9998998,0,1.9,0
-0.009914392,0.01010343,0.9998998,0,1.9,0
-0.009914392,0.01010343,0.9998998,0,1.9,0
-0.009914392,0.01010343,0.9998998,0,1.9,0
-0.009914392,0.01010343,0.9998998,0,1.9,0
-0.009914359,0.01042452,0.9998965,0,1.9,0
-0.01020354,0.01042452,0.9998936,0,1.9,0
-0.01048402,0.01042452,0.9998907,0,1.9,0
-0.01108248,0.01042452,0.9998842,0,1.9,0
-0.01136555,0.01042452,0.9998811,0,1.9,0
-0.01191561,0.01042452,0.9998747,0,1.9,0
-0.01293001,0.01042452,0.9998621,0,1.9,0
-0.01384654,0.01042452,0.9998498,0,1.9,0
-0.01514526,0.01074924,0.9998275,0,1.9,0
-0.016824,0.01074924,0.9998007,0,1.9,0
-0.01837291,0.01074924,0.9997734,0,1.9,0
-0.02131072,0.01111655,0.9997111,0,1.9,0
-0.02253804,0.01142348,0.9996807,0,1.9,0
-0.024594,0.01142348,0.9996322,0,1.9,0
-0.02663034,0.01171449,0.9995767,0,1.9,0
-0.02839298,0.01171449,0.9995282,0,1.9,0
-0.03100903,0.01204165,0.9994466,0,1.9,0
-0.03421419,0.01239799,0.9993376,0,1.9,0
-0.03694262,0.01239799,0.9992405,0,1.9,0
-0.0398479,0.01239799,0.9991288,0,1.9,0
-0.0428659,0.01239799,0.9990039,0,1.9,0
-0.04507603,0.01239799,0.9989066,0,1.9,0
-0.04805299,0.01239799,0.9987679,0,1.9,0
-0.05001776,0.01239799,0.9986714,0,1.9,0
-0.05236009,0.01239799,0.9985513,0,1.9,0
-0.05616107,0.01239799,0.9983447,0,1.9,0
-0.05879888,0.01239799,0.9981928,0,1.9,0
-0.06296267,0.01239799,0.9979389,0,1.9,0
-0.06820512,0.01239799,0.9975943,0,1.9,0
-0.07143922,0.01239799,0.9973679,0,1.9,0
-0.07629531,0.01209367,0.9970119,0,1.9,0
-0.07988836,0.01179336,0.996734,0,1.9,0
-0.08514484,0.01179336,0.9962988,0,1.9,0
-0.08962154,0.01147238,0.9959098,0,1.9,0
-0.09562363,0.01147238,0.9953514,0,1.9,0
-0.1018807,0.01115801,0.994734,0,1.9,0
-0.1061839,0.01115801,0.9942839,0,1.9,0
-0.1119597,0.0108675,0.9936533,0,1.9,0
-0.1165298,0.0108675,0.9931278,0,1.9,0
-0.1228985,0.0108675,0.9923598,0,1.9,0
-0.1275506,0.01057446,0.9917757,0,1.9,0
-0.1321875,0.01057446,0.9911683,0,1.9,0
-0.1395615,0.01057446,0.9901569,0,1.9,0
-0.1458638,0.01057446,0.9892482,0,1.9,0
-0.151197,0.01057446,0.9884471,0,1.9,0
-0.1585995,0.01057446,0.9872864,0,1.9,0
-0.163603,0.01087271,0.9864663,0,1.9,0
-0.1703236,0.01146553,0.9853215,0,1.9,0
-0.1749868,0.01205747,0.984497,0,1.9,0
-0.1791203,0.01261762,0.9837463,0,1.9,0
-0.1860317,0.01357651,0.9824499,0,1.9,0
-0.1921479,0.01482293,0.981254,0,1.9,0
-0.1960625,0.01562151,0.980467,0,1.9,0
-0.2002093,0.01652871,0.9796137,0,1.9,0
-0.2058652,0.01835491,0.9784082,0,1.9,0
-0.2095894,0.01944393,0.9775962,0,1.9,0
-0.2133147,0.02108052,0.9767561,0,1.9,0
-0.2166888,0.02241181,0.9759834,0,1.9,0
-0.2200879,0.02402333,0.9751842,0,1.9,0
-0.2234851,0.02563551,0.9743702,0,1.9,0
-0.2288127,0.02821696,0.9730614,0,1.9,0
-0.2323485,0.02989947,0.9721729,0,1.9,0
-0.2355205,0.03153683,0.9713576,0,1.9,0
-0.2409851,0.03507169,0.9698949,0,1.9,0
-0.2440086,0.03689931,0.9690708,0,1.9,0
-0.2471631,0.03880835,0.9681965,0,1.9,0
-0.2498806,0.04086419,0.967414,0,1.9,0
-0.2523554,0.04266772,0.9666935,0,1.9,0
-0.2550393,0.04470278,0.9658968,0,1.9,0
-0.2589866,0.04819565,0.9646778,0,1.9,0
-0.2612831,0.05033534,0.9639489,0,1.9,0
-0.2634522,0.05261546,0.9632365,0,1.9,0
-0.2654907,0.05507295,0.9625392,0,1.9,0
-0.2672912,0.05752421,0.9618973,0,1.9,0
-0.2693363,0.06079002,0.9611257,0,1.9,0
-0.2754085,0.07391721,0.9584813,0,1.9,0
-0.2761278,0.07631867,0.9580861,0,1.9,0
-0.2769762,0.08020302,0.9575237,0,1.9,0
-0.2769108,0.08307267,0.9572979,0,1.9,0
-0.2767861,0.08829148,0.9568668,0,1.9,0
-0.276652,0.0935764,0.9564032,0,1.9,0
-0.2757676,0.09689219,0.9563285,0,1.9,0
-0.2746326,0.100405,0.9562927,0,1.9,0
-0.2727653,0.1057558,0.9562504,0,1.9,0
-0.2710595,0.1098721,0.9562714,0,1.9,0
-0.2682584,0.1169166,0.9562259,0,1.9,0
-0.2660327,0.1215364,0.9562716,0,1.9,0
-0.2641193,0.1257428,0.9562582,0,1.9,0
-0.2621781,0.1299997,0.9562232,0,1.9,0
-0.2592261,0.136863,0.9560702,0,1.9,0
-0.2573285,0.1409979,0.955982,0,1.9,0
-0.2552839,0.1451861,0.9559034,0,1.9,0
-0.2525461,0.1509699,0.9557346,0,1.9,0
-0.2507719,0.1548789,0.9555762,0,1.9,0
-0.249141,0.1582304,0.9554538,0,1.9,0
-0.2475092,0.1621809,0.9552155,0,1.9,0
-0.2463776,0.1652873,0.9549755,0,1.9,0
-0.245251,0.1685988,0.9546865,0,1.9,0
-0.2431919,0.1733815,0.9543566,0,1.9,0
-0.242076,0.1761982,0.9541244,0,1.9,0
-0.2411974,0.1788203,0.9538591,0,1.9,0
-0.2403343,0.1813912,0.9535915,0,1.9,0
-0.2394383,0.1838222,0.9533513,0,1.9,0
-0.238583,0.1861395,0.9531161,0,1.9,0
-0.2375552,0.1896968,0.9526713,0,1.9,0
-0.2368841,0.1922518,0.9523262,0,1.9,0
-0.2365129,0.1942459,0.9520137,0,1.9,0
-0.2357253,0.1974978,0.9515399,0,1.9,0
-0.2352502,0.2005303,0.9510231,0,1.9,0
-0.2351615,0.202328,0.9506642,0,1.9,0
-0.2347586,0.2044648,0.9503065,0,1.9,0
-0.2346904,0.2058223,0.9500303,0,1.9,0
-0.2346317,0.2069827,0.9497927,0,1.9,0
-0.2351315,0.2088165,0.9492675,0,1.9,0
-0.2356402,0.2099894,0.9488826,0,1.9,0
-0.236156,0.2108563,0.948562,0,1.9,0
-0.2370853,0.2122324,0.9480232,0,1.9,0
-0.2378124,0.2130252,0.9476632,0,1.9,0
-0.2388017,0.2138231,0.9472346,0,1.9,0
-0.2403968,0.2149622,0.9465731,0,1.9,0
-0.2416672,0.2157762,0.9460643,0,1.9,0
-0.2430698,0.2165213,0.9455345,0,1.9,0
-0.2461298,0.2172328,0.9445793,0,1.9,0
-0.2483173,0.2180998,0.9438066,0,1.9,0
-0.2510455,0.2184154,0.9430116,0,1.9,0
-0.2543758,0.2187306,0.9420456,0,1.9,0
-0.2572174,0.2189998,0.9412111,0,1.9,0
-0.2603862,0.2189998,0.9403394,0,1.9,0
-0.2649479,0.2189998,0.9390643,0,1.9,0
-0.2687318,0.2189998,0.9379885,0,1.9,0
-0.2728052,0.2189998,0.9368119,0,1.9,0
-0.2780042,0.2189998,0.9352822,0,1.9,0
-0.2826335,0.2184357,0.9340258,0,1.9,0
-0.2903394,0.2171073,0.9319696,0,1.9,0
-0.2954454,0.2162255,0.9305689,0,1.9,0
-0.3002528,0.2154762,0.929203,0,1.9,0
-0.3051151,0.2142202,0.9279087,0,1.9,0
-0.310752,0.2131043,0.9262936,0,1.9,0
-0.318733,0.2108996,0.9240837,0,1.9,0
-0.3254129,0.2090088,0.9221832,0,1.9,0
-0.3347271,0.2061982,0.9194781,0,1.9,0
-0.3414564,0.2038679,0.9175214,0,1.9,0
-0.3516813,0.2005329,0.9143888,0,1.9,0
-0.3605349,0.1971739,0.9116672,0,1.9,0
-0.3670145,0.1949967,0.9095475,0,1.9,0
-0.3736358,0.1922258,0.907439,0,1.9,0
-0.3797704,0.1896517,0.9054317,0,1.9,0
-0.3859132,0.1870674,0.9033697,0,1.9,0
-0.3925219,0.1840101,0.9011475,0,1.9,0
-0.402531,0.1791874,0.8976974,0,1.9,0
-0.4087035,0.1759329,0.8955496,0,1.9,0
-0.415276,0.1723229,0.8932249,0,1.9,0
-0.4220883,0.1685682,0.8907448,0,1.9,0
-0.4287549,0.1644947,0.8883191,0,1.9,0
-0.4375308,0.1592705,0.8849857,0,1.9,0
-0.4443893,0.1546019,0.8823925,0,1.9,0
-0.4538583,0.1478659,0.8787197,0,1.9,0
-0.4613609,0.1427032,0.8756608,0,1.9,0
-0.4702641,0.1355387,0.8720556,0,1.9,0
-0.4760977,0.1308178,0.8696078,0,1.9,0
-0.4817349,0.1260463,0.8672046,0,1.9,0
-0.4873709,0.1209595,0.8647765,0,1.9,0
-0.4930091,0.1158875,0.8622715,0,1.9,0
-0.4982815,0.1111209,0.8598649,0,1.9,0
-0.5039027,0.1052635,0.8573224,0,1.9,0
-0.5090691,0.1000934,0.854886,0,1.9,0
-0.5141152,0.09477571,0.8524688,0,1.9,0
-0.5195189,0.08850562,0.8498629,0,1.9,0
-0.5262802,0.08042768,0.846499,0,1.9,0
-0.5308844,0.07500371,0.8441187,0,1.9,0
-0.5357638,0.06831776,0.8415996,0,1.9,0
-0.5427234,0.05885697,0.8378468,0,1.9,0
-0.5466868,0.05301247,0.8356574,0,1.9,0
-0.5506989,0.04705264,0.8333768,0,1.9,0
-0.5542709,0.04138653,0.8313068,0,1.9,0
-0.5576886,0.03557367,0.8292876,0,1.9,0
-0.5614923,0.02876201,0.8269821,0,1.9,0
-0.5663487,0.01971194,0.82393,0,1.9,0
-0.5692936,0.0137731,0.8220189,0,1.9,0
-0.572072,0.007653133,0.8201677,0,1.9,0
-0.5746536,0.00191186,0.8183945,0,1.9,0
-0.5771664,-0.00373003,0.8166181,0,1.9,0
-0.5799152,-0.00996386,0.814616,0,1.9,0
-0.5823932,-0.01588172,0.8127521,0,1.9,0
-0.5847853,-0.02165466,0.8108991,0,1.9,0
-0.5875142,-0.02892801,0.8086967,0,1.9,0
-0.5903196,-0.03526422,0.8063989,0,1.9,0
-0.5923622,-0.04034686,0.8046609,0,1.9,0
-0.5945077,-0.04549258,0.802802,0,1.9,0
-0.5975891,-0.05309768,0.8000424,0,1.9,0
-0.5995803,-0.05823202,0.7981932,0,1.9,0
-0.6017969,-0.06270106,0.7961841,0,1.9,0
-0.6038772,-0.06754621,0.7942103,0,1.9,0
-0.6057281,-0.0721181,0.7923966,0,1.9,0
-0.6075886,-0.07624495,0.7905838,0,1.9,0
-0.609313,-0.08027969,0.7888554,0,1.9,0
-0.6111892,-0.08421697,0.7869913,0,1.9,0
-0.6128859,-0.08795281,0.7852612,0,1.9,0
-0.6156108,-0.09327106,0.7825113,0,1.9,0
-0.6173599,-0.09657245,0.7807307,0,1.9,0
-0.6189768,-0.09993219,0.779026,0,1.9,0
-0.6206832,-0.1028926,0.7772808,0,1.9,0
-0.622757,-0.1061133,0.7751863,0,1.9,0
-0.6243485,-0.1089083,0.7735166,0,1.9,0
-0.6262416,-0.1115839,0.7716025,0,1.9,0
-0.6388705,-0.1282465,0.7585495,0,1.9,0
-0.6418372,-0.1315908,0.755466,0,1.9,0
-0.6449082,-0.1347319,0.7522903,0,1.9,0
-0.6469492,-0.1365835,0.7502011,0,1.9,0
-0.6492068,-0.1381714,0.7479566,0,1.9,0
-0.6512002,-0.1394432,0.7459852,0,1.9,0
-0.6534248,-0.1407424,0.7437928,0,1.9,0
-0.6556597,-0.1417788,0.741626,0,1.9,0
-0.6603409,-0.1431346,0.737199,0,1.9,0
-0.6631659,-0.1439721,0.7344952,0,1.9,0
-0.66607,-0.1445429,0.73175,0,1.9,0
-0.6711854,-0.1448755,0.7269946,0,1.9,0
-0.674585,-0.1448755,0.7238413,0,1.9,0
-0.6795254,-0.1448755,0.7192054,0,1.9,0
-0.6836736,-0.1442818,0.7153833,0,1.9,0
-0.687292,-0.1435068,0.7120643,0,1.9,0
-0.6909133,-0.1427274,0.7087085,0,1.9,0
-0.6971793,-0.1407633,0.7029415,0,1.9,0
-0.7018279,-0.1389593,0.6986615,0,1.9,0
-0.7084421,-0.1365387,0.6924356,0,1.9,0
-0.7157096,-0.1328944,0.6856375,0,1.9,0
-0.7201961,-0.1307361,0.6813412,0,1.9,0
-0.7246811,-0.1284022,0.6770157,0,1.9,0
-0.7291896,-0.1260396,0.6726044,0,1.9,0
-0.7341566,-0.1229879,0.6677486,0,1.9,0
-0.7415245,-0.1185688,0.6603657,0,1.9,0
-0.7506196,-0.1126619,0.6510588,0,1.9,0
-0.7575336,-0.1079536,0.6438081,0,1.9,0
-0.7625733,-0.1045453,0.6383982,0,1.9,0
-0.7674718,-0.1008016,0.6331083,0,1.9,0
-0.7744736,-0.09572147,0.6253224,0,1.9,0
-0.7794744,-0.09155029,0.6197083,0,1.9,0
-0.7842815,-0.08746505,0.6142088,0,1.9,0
-0.7890728,-0.08349665,0.6085988,0,1.9,0
-0.7956563,-0.07760752,0.6007563,0,1.9,0
-0.8024903,-0.07143302,0.5923738,0,1.9,0
-0.8065328,-0.06739929,0.5873349,0,1.9,0
-0.8115046,-0.06256506,0.580987,0,1.9,0
-0.8171043,-0.05698304,0.5736668,0,1.9,0
-0.8207884,-0.05314761,0.5687545,0,1.9,0
-0.8231151,-0.050547,0.5656205,0,1.9,0
-0.8284575,-0.04412537,0.558311,0,1.9,0
-0.8323491,-0.03945992,0.5528454,0,1.9,0
-0.8379083,-0.03232285,0.5448531,0,1.9,0
-0.8413556,-0.02736503,0.5397889,0,1.9,0
-0.8456106,-0.02110006,0.5333831,0,1.9,0
-0.848762,-0.0161805,0.5285276,0,1.9,0
-0.8517954,-0.0113316,0.5237522,0,1.9,0
-0.854378,-0.006960565,0.5196053,0,1.9,0
-0.8569455,-0.00203633,0.5154032,0,1.9,0
-0.8610241,0.005311541,0.5085364,0,1.9,0
-0.8636147,0.01082845,0.5040362,0,1.9,0
-0.8671017,0.01830199,0.497795,0,1.9,0
-0.8701402,0.02499785,0.49217,0,1.9,0
-0.8719481,0.02945558,0.4887116,0,1.9,0
-0.8744715,0.03636822,0.4837118,0,1.9,0
-0.8759096,0.04044966,0.4807765,0,1.9,0
-0.8770603,0.04451971,0.478313,0,1.9,0
-0.878221,0.04838549,0.4758011,0,1.9,0
-0.8792052,0.05215195,0.4735807,0,1.9,0
-0.8797849,0.05588644,0.4720755,0,1.9,0
-0.8804876,0.05934285,0.4703404,0,1.9,0
-0.8811811,0.06433411,0.4683813,0,1.9,0
-0.8814908,0.06749489,0.4673527,0,1.9,0
-0.8816637,0.07120866,0.4664745,0,1.9,0
-0.8818379,0.07454441,0.4656233,0,1.9,0
-0.8818718,0.07787902,0.4650128,0,1.9,0
-0.8818957,0.08123466,0.4643932,0,1.9,0
-0.8817028,0.08571199,0.4639544,0,1.9,0
-0.8814751,0.0886528,0.4638345,0,1.9,0
-0.8813571,0.09176855,0.4634525,0,1.9,0
-0.8810708,0.09521407,0.4633019,0,1.9,0
-0.8808307,0.0980097,0.4631756,0,1.9,0
-0.8805715,0.1009381,0.4630394,0,1.9,0
-0.8800701,0.1063741,0.4627757,0,1.9,0
-0.8796175,0.1083541,0.4631767,0,1.9,0
-0.8791505,0.110536,0.4635474,0,1.9,0
-0.8784183,0.1127362,0.4644048,0,1.9,0
-0.8778649,0.1145717,0.4650018,0,1.9,0
-0.8772729,0.1163289,0.4656824,0,1.9,0
-0.8765545,0.118051,0.4666008,0,1.9,0
-0.8758877,0.1196412,0.467447,0,1.9,0
-0.8749973,0.1211809,0.4687164,0,1.9,0
-0.8736786,0.1232119,0.4706429,0,1.9,0
-0.8726542,0.1243002,0.4722543,0,1.9,0
-0.8715163,0.1256026,0.4740078,0,1.9,0
-0.8701407,0.1267595,0.4762221,0,1.9,0
-0.8686991,0.1277632,0.4785798,0,1.9,0
-0.8672802,0.1285151,0.4809459,0,1.9,0
-0.8652787,0.1296957,0.484223,0,1.9,0
-0.8623368,0.1308409,0.4891378,0,1.9,0
-0.8600299,0.1316304,0.4929726,0,1.9,0
-0.8558893,0.1326774,0.4998502,0,1.9,0
-0.8530529,0.1332529,0.5045241,0,1.9,0
-0.8500645,0.1335417,0.5094675,0,1.9,0
-0.8454283,0.133848,0.5170452,0,1.9,0
-0.8421047,0.1341332,0.5223677,0,1.9,0
-0.8384153,0.1341332,0.5282692,0,1.9,0
-0.8330389,0.1341332,0.5367072,0,1.9,0
-0.8291039,0.1341332,0.5427661,0,1.9,0
-0.8233616,0.1341332,0.5514382,0,1.9,0
-0.8161584,0.1341332,0.5620444,0,1.9,0
-0.8112091,0.1341332,0.5691645,0,1.9,0
-0.8050633,0.1341332,0.5778248,0,1.9,0
-0.7999385,0.1341332,0.5848989,0,1.9,0
-0.7932685,0.1341332,0.5939136,0,1.9,0
-0.7879569,0.1338474,0.6010064,0,1.9,0
-0.7828875,0.1335777,0.6076548,0,1.9,0
-0.7772044,0.1332882,0.6149696,0,1.9,0
-0.7681746,0.1326278,0.6263527,0,1.9,0
-0.7587038,0.1319915,0.6379238,0,1.9,0
-0.7521471,0.131424,0.6457573,0,1.9,0
-0.7452066,0.1311367,0.6538122,0,1.9,0
-0.7357037,0.1305729,0.6645982,0,1.9,0
-0.7281483,0.1300088,0.6729768,0,1.9,0
-0.7158847,0.12933,0.6861361,0,1.9,0
-0.7027289,0.1289989,0.6996651,0,1.9,0
-0.6947088,0.128729,0.7076783,0,1.9,0
-0.6810715,0.128729,0.7208124,0,1.9,0
-0.6715937,0.128729,0.7296512,0,1.9,0
-0.6587266,0.128729,0.7412882,0,1.9,0
-0.648941,0.128729,0.7498696,0,1.9,0
-0.6354937,0.1293353,0.7611966,0,1.9,0
-0.6256376,0.129913,0.7692205,0,1.9,0
-0.610593,0.1312535,0.7809921,0,1.9,0
-0.6008429,0.1323384,0.7883365,0,1.9,0
-0.5860755,0.1342591,0.7990557,0,1.9,0
-0.5748196,0.1355105,0.8069816,0,1.9,0
-0.5604845,0.1378915,0.8166046,0,1.9,0
-0.5508284,0.1392332,0.8229229,0,1.9,0
-0.540286,0.1409342,0.8295954,0,1.9,0
-0.4731828,0.153003,0.867576,0,1.9,0
-0.4624751,0.1552822,0.8729286,0,1.9,0
-0.4485877,0.1580366,0.8796554,0,1.9,0
-0.4371332,0.1603857,0.8849808,0,1.9,0
-0.4268132,0.1626453,0.8895937,0,1.9,0
-0.4177533,0.1646193,0.8935226,0,1.9,0
-0.4084146,0.1666958,0.8974464,0,1.9,0
-0.3988627,0.1691315,0.9012786,0,1.9,0
-0.3901122,0.171163,0.9047186,0,1.9,0
-0.3807869,0.1736501,0.9082109,0,1.9,0
-0.3679593,0.1772778,0.9127861,0,1.9,0
-0.3601765,0.1799186,0.91537,0,1.9,0
-0.3523799,0.1828131,0.9178277,0,1.9,0
-0.3409966,0.1872959,0.9212174,0,1.9,0
-0.3348924,0.1900706,0.9228869,0,1.9,0
-0.3286511,0.193274,0.924464,0,1.9,0
-0.3231118,0.1966066,0.9257131,0,1.9,0
-0.3179652,0.1999924,0.9267692,0,1.9,0
-0.3129338,0.2039679,0.9276149,0,1.9,0
-0.3062544,0.2102513,0.9284409,0,1.9,0
-0.3025233,0.214401,0.9287152,0,1.9,0
-0.2988798,0.2192234,0.9287691,0,1.9,0
-0.2938515,0.2267853,0.9285579,0,1.9,0
-0.2910936,0.231821,0.928183,0,1.9,0
-0.2887844,0.2369106,0.927619,0,1.9,0
-0.2865537,0.2423858,0.926896,0,1.9,0
-0.2847922,0.248217,0.9258951,0,1.9,0
-0.2836873,0.2535688,0.9247835,0,1.9,0
-0.281883,0.2621602,0.9229377,0,1.9,0
-0.2810527,0.2689662,0.921231,0,1.9,0
-0.2803241,0.2777523,0.9188428,0,1.9,0
-0.2796628,0.2854731,0.9166754,0,1.9,0
-0.2791595,0.2943707,0.9140109,0,1.9,0
-0.2790842,0.3009385,0.9118925,0,1.9,0
-0.279327,0.3105198,0.9086,0,1.9,0
-0.2797256,0.3162924,0.9064837,0,1.9,0
-0.280317,0.3222367,0.9042046,0,1.9,0
-0.281383,0.3316888,0.9004478,0,1.9,0
-0.2821663,0.338071,0.8978252,0,1.9,0
-0.2831701,0.3436095,0.8954034,0,1.9,0
-0.2845828,0.3500425,0.8924589,0,1.9,0
-0.2860801,0.3558542,0.8896775,0,1.9,0
-0.2874871,0.3617476,0.8868426,0,1.9,0
-0.2897255,0.3702181,0.8826085,0,1.9,0
-0.2908751,0.3738346,0.8807039,0,1.9,0
-0.2935127,0.3818186,0.8763931,0,1.9,0
-0.2957957,0.3881382,0.8728423,0,1.9,0
-0.2979192,0.3944562,0.8692804,0,1.9,0
-0.2998472,0.3995997,0.8662631,0,1.9,0
-0.3031791,0.4077652,0.861284,0,1.9,0
-0.3070272,0.4170665,0.8554472,0,1.9,0
-0.3092588,0.4223135,0.8520624,0,1.9,0
-0.3117067,0.4275757,0.8485387,0,1.9,0
-0.3140964,0.4327688,0.8450176,0,1.9,0
-0.3163954,0.4371807,0.841883,0,1.9,0
-0.3186817,0.441926,0.8385366,0,1.9,0
-0.3227999,0.4499539,0.8326715,0,1.9,0
-0.3251892,0.4547112,0.82915,0,1.9,0
-0.3284092,0.4610479,0.8243678,0,1.9,0
-0.3307122,0.4657527,0.8207946,0,1.9,0
-0.3330727,0.4702751,0.8172539,0,1.9,0
-0.3351153,0.4743236,0.814073,0,1.9,0
-0.3369886,0.4785317,0.8108305,0,1.9,0
-0.3387063,0.4821014,0.8079953,0,1.9,0
-0.3402836,0.4858653,0.8050727,0,1.9,0
-0.3425758,0.4912579,0.8008168,0,1.9,0
-0.3437971,0.4945832,0.7982424,0,1.9,0
-0.3450349,0.4976105,0.7958233,0,1.9,0
-0.346004,0.5024285,0.7923679,0,1.9,0
-0.3466321,0.5052301,0.7903093,0,1.9,0
-0.3471409,0.507527,0.7886124,0,1.9,0
-0.3471702,0.5101429,0.7869098,0,1.9,0
-0.3473006,0.5121592,0.7855414,0,1.9,0
-0.3473756,0.5144849,0.7839869,0,1.9,0
-0.3470517,0.5180052,0.7818093,0,1.9,0
-0.3466356,0.5206848,0.7802123,0,1.9,0
-0.346148,0.5226488,0.7791148,0,1.9,0
-0.3455205,0.5251617,0.7777023,0,1.9,0
-0.3451477,0.5266465,0.7768633,0,1.9,0
-0.3444477,0.5284759,0.7759311,0,1.9,0
-0.3437041,0.5296783,0.7754408,0,1.9,0
-0.3429753,0.5308556,0.7749583,0,1.9,0
-0.3422103,0.5315107,0.7748475,0,1.9,0
-0.3409052,0.5326275,0.7746558,0,1.9,0
-0.3397899,0.5333841,0.7746253,0,1.9,0
-0.3389833,0.5340739,0.7745034,0,1.9,0
-0.3374218,0.5345941,0.7748263,0,1.9,0
-0.3361889,0.5348489,0.7751862,0,1.9,0
-0.3343674,0.5353747,0.775611,0,1.9,0
-0.3332374,0.5353747,0.7760971,0,1.9,0
-0.3316311,0.5356151,0.7766192,0,1.9,0
-0.3295763,0.5356151,0.7774934,0,1.9,0
-0.3268979,0.5353163,0.7788287,0,1.9,0
-0.3251836,0.5348188,0.7798876,0,1.9,0
-0.3227923,0.5342724,0.7812543,0,1.9,0
-0.3197575,0.5334669,0.7830505,0,1.9,0
-0.3174853,0.5328119,0.78442,0,1.9,0
-0.3149755,0.5320897,0.7859205,0,1.9,0
-0.3124031,0.5309112,0.7877421,0,1.9,0
-0.30959,0.5297268,0.7896478,0,1.9,0
-0.3066584,0.5285857,0.7915541,0,1.9,0
-0.3019731,0.5264829,0.7947503,0,1.9,0
-0.2987469,0.5249123,0.7970053,0,1.9,0
-0.2947305,0.522916,0.799808,0,1.9,0
-0.288431,0.5197859,0.8041332,0,1.9,0
-0.2841719,0.5177579,0.806953,0,1.9,0
-0.2797634,0.5154111,0.80999,0,1.9,0
-0.2749805,0.5128544,0.8132442,0,1.9,0
-0.2681325,0.5089836,0.8179491,0,1.9,0
-0.2626712,0.5061959,0.8214436,0,1.9,0
-0.2528913,0.5007263,0.8278401,0,1.9,0
-0.2470344,0.4972507,0.8316945,0,1.9,0
-0.2409518,0.4940427,0.8353825,0,1.9,0
-0.2335863,0.4900276,0.8398277,0,1.9,0
-0.2243683,0.4848592,0.8453227,0,1.9,0
-0.217318,0.481062,0.8493246,0,1.9,0
-0.209353,0.4767983,0.8537182,0,1.9,0
-0.2022281,0.4726326,0.8577425,0,1.9,0
-0.1950839,0.4684798,0.8616664,0,1.9,0
-0.1829236,0.4620195,0.8678001,0,1.9,0
-0.1741996,0.4569125,0.8722875,0,1.9,0
-0.1648625,0.4516318,0.8768404,0,1.9,0
-0.1491127,0.442762,0.8841534,0,1.9,0
-0.1365081,0.4356029,0.8897279,0,1.9,0
-0.1266754,0.4299403,0.8939266,0,1.9,0
-0.1165006,0.4241128,0.8980846,0,1.9,0
-0.1061525,0.4183758,0.9020495,0,1.9,0
-0.09590751,0.4123436,0.905966,0,1.9,0
-0.08317237,0.4053538,0.9103684,0,1.9,0
-0.0663859,0.3958066,0.9159312,0,1.9,0
0.01341297,0.3528582,0.9355807,0,1.9,0
0.02668942,0.3454218,0.9380679,0,1.9,0
0.04094682,0.338064,0.9402319,0,1.9,0
0.05972322,0.3279366,0.94281,0,1.9,0
0.0739288,0.3203671,0.9444043,0,1.9,0
0.08659522,0.3138625,0.9455113,0,1.9,0
0.1095456,0.3020445,0.9469788,0,1.9,0
0.1234495,0.2950451,0.9474748,0,1.9,0
0.1383079,0.2878356,0.94764,0,1.9,0
0.1615567,0.2767963,0.9472504,0,1.9,0
0.1758212,0.2703585,0.9465692,0,1.9,0
0.1891162,0.2645081,0.9456588,0,1.9,0
0.2032797,0.2584544,0.9443933,0,1.9,0
0.2167908,0.2528051,0.9429164,0,1.9,0
0.2299748,0.2478076,0.9411179,0,1.9,0
0.2544084,0.238363,0.9372617,0,1.9,0
0.2687199,0.2333471,0.934526,0,1.9,0
0.2820915,0.2287221,0.9317245,0,1.9,0
0.2954984,0.2245519,0.928578,0,1.9,0
0.3089477,0.2205239,0.9251598,0,1.9,0
0.3218704,0.2167409,0.9216414,0,1.9,0
0.3351197,0.2132299,0.9177297,0,1.9,0
0.3486988,0.2098069,0.9134496,0,1.9,0
0.3618087,0.2064243,0.9091113,0,1.9,0
0.3768249,0.2030121,0.9037639,0,1.9,0
0.3972661,0.1976417,0.8961682,0,1.9,0
0.4106645,0.1943793,0.8908263,0,1.9,0
0.4245537,0.1908908,0.8850508,0,1.9,0
0.4462409,0.185061,0.8755693,0,1.9,0
0.4592049,0.181745,0.8695399,0,1.9,0
0.4717752,0.1783892,0.8634845,0,1.9,0
0.4849326,0.174717,0.8569214,0,1.9,0
0.4970486,0.1713717,0.8506318,0,1.9,0
0.5094318,0.1677984,0.8439923,0,1.9,0
0.5240532,0.1635406,0.8358366,0,1.9,0
0.5359375,0.1598511,0.8289865,0,1.9,0
0.5481741,0.1562217,0.8216447,0,1.9,0
0.5673913,0.1500791,0.8096564,0,1.9,0
0.5791189,0.146438,0.8019834,0,1.9,0
0.5899698,0.1431636,0.794632,0,1.9,0
0.6013075,0.1393786,0.7867674,0,1.9,0
0.6113581,0.1362201,0.7795418,0,1.9,0
0.6214331,0.1329012,0.7721128,0,1.9,0
0.6362954,0.1281489,0.7607273,0,1.9,0
0.6520084,0.1228789,0.7481884,0,1.9,0
0.6612198,0.1200922,0.7405175,0,1.9,0
0.6705078,0.1171736,0.7325911,0,1.9,0
0.6804295,0.1141035,0.7238758,0,1.9,0
0.6920937,0.1108394,0.7132468,0,1.9,0
0.7006275,0.1083347,0.7052551,0,1.9,0
0.7090684,0.1058282,0.6971531,0,1.9,0
0.7170702,0.1036347,0.6892534,0,1.9,0
0.7255246,0.1016248,0.6806515,0,1.9,0
0.7362154,0.0990457,0.6694604,0,1.9,0
0.743332,0.09721871,0.6618202,0,1.9,0
0.7503504,0.09565201,0.6540834,0,1.9,0
0.7620119,0.09293968,0.6408589,0,1.9,0
0.7684876,0.09132746,0.6333137,0,1.9,0
0.7747515,0.08974925,0.6258637,0,1.9,0
0.7814884,0.08807478,0.6176721,0,1.9,0
0.7877446,0.08668611,0.6098722,0,1.9,0
0.79352,0.08561511,0.6024916,0,1.9,0
0.8020121,0.08412521,0.5913541,0,1.9,0
0.8074448,0.08305596,0.5840675,0,1.9,0
0.8126379,0.08199023,0.5769725,0,1.9,0
0.8213689,0.08064908,0.564667,0,1.9,0
0.8269878,0.07977669,0.5565313,0,1.9,0
0.832016,0.07890925,0.5491108,0,1.9,0
0.8390015,0.07802328,0.538506,0,1.9,0
0.8442225,0.07772923,0.5303267,0,1.9,0
0.848649,0.07719313,0.5232937,0,1.9,0
0.8559378,0.07684302,0.5113371,0,1.9,0
0.8626019,0.07684302,0.5000133,0,1.9,0
0.8673599,0.07684303,0.4917135,0,1.9,0
0.8736224,0.07684302,0.4804989,0,1.9,0
0.879369,0.07746597,0.4697971,0,1.9,0
0.8832964,0.07805134,0.4622722,0,1.9,0
0.8896405,0.07953532,0.4496821,0,1.9,0
0.8946664,0.0813616,0.4392635,0,1.9,0
0.8983229,0.08322331,0.4313812,0,1.9,0
0.9029849,0.08567467,0.4210443,0,1.9,0
0.9060571,0.08731145,0.4140497,0,1.9,0
0.9107985,0.09071118,0.4027624,0,1.9,0
0.9136491,0.09336645,0.3956366,0,1.9,0
0.9175256,0.09692502,0.385684,0,1.9,0
0.9200248,0.09937763,0.3790495,0,1.9,0
0.922307,0.1017649,0.3728186,0,1.9,0
0.9245377,0.1041471,0.3665838,0,1.9,0
0.9266623,0.1068763,0.3603811,0,1.9,0
0.928601,0.1095486,0.3545413,0,1.9,0
0.9304342,0.1118393,0.348976,0,1.9,0
0.9330506,0.1161202,0.340489,0,1.9,0
0.9347839,0.1189968,0.3346922,0,1.9,0
0.9369762,0.1231651,0.3269649,0,1.9,0
0.9384692,0.1265174,0.3213546,0,1.9,0
0.9397776,0.1291938,0.3164285,0,1.9,0
0.9408413,0.132109,0.3120337,0,1.9,0
0.9421309,0.1359064,0.3064619,0,1.9,0
0.9430124,0.1385835,0.3025266,0,1.9,0
0.9438244,0.1414911,0.2986238,0,1.9,0
0.9445673,0.1444407,0.2948382,0,1.9,0
0.9455168,0.1488137,0.2895735,0,1.9,0
0.9460372,0.1518355,0.2862861,0,1.9,0
0.9464421,0.1541865,0.2836798,0,1.9,0
0.9468066,0.1568888,0.2809686,0,1.9,0
0.9470695,0.1594821,0.2786126,0,1.9,0
0.9473876,0.1620338,0.2760468,0,1.9,0
0.9475705,0.1657499,0.2731981,0,1.9,0
0.9476219,0.1681459,0.2715508,0,1.9,0
0.9475994,0.1719584,0.2692318,0,1.9,0
0.9474352,0.1744151,0.2682275,0,1.9,0
0.9472914,0.176486,0.2673797,0,1.9,0
0.9469309,0.1794946,0.2666529,0,1.9,0
0.9465527,0.1816351,0.2665464,0,1.9,0
0.94604,0.1844955,0.2664019,0,1.9,0
0.9454763,0.1875883,0.2662432,0,1.9,0
0.9449488,0.1895038,0.2667582,0,1.9,0
0.9442534,0.1916578,0.2676805,0,1.9,0
0.9436927,0.1933812,0.2684171,0,1.9,0
0.9431267,0.1948986,0.2693077,0,1.9,0
0.9424975,0.196073,0.2706544,0,1.9,0
0.9416632,0.1975098,0.2725074,0,1.9,0
0.9410354,0.1983451,0.2740648,0,1.9,0
0.9404836,0.1986391,0.275741,0,1.9,0
0.9395012,0.1993085,0.2785921,0,1.9,0
0.9387895,0.199009,0.281193,0,1.9,0
0.9382718,0.1984682,0.2832958,0,1.9,0
0.9375868,0.1974584,0.2862538,0,1.9,0
0.937215,0.1962996,0.288261,0,1.9,0
0.936829,0.1947678,0.2905464,0,1.9,0
0.9341428,0.179546,0.3084484,0,1.9,0
0.9334,0.174437,0.3135861,0,1.9,0
0.9326266,0.1688391,0.318906,0,1.9,0
0.932003,0.1645073,0.3229672,0,1.9,0
0.9314197,0.1594901,0.3271396,0,1.9,0
0.9303859,0.1516909,0.3337246,0,1.9,0
0.929722,0.1464335,0.3378974,0,1.9,0
0.9289312,0.1408631,0.34241,0,1.9,0
0.9278756,0.1325151,0.3485493,0,1.9,0
0.9270451,0.1260594,0.3531241,0,1.9,0
0.9259577,0.1176496,0.3588326,0,1.9,0
0.9244141,0.1062066,0.3663041,0,1.9,0
0.9228337,0.09545375,0.3731842,0,1.9,0
0.9215123,0.08631829,0.3786349,0,1.9,0
0.9197208,0.07478304,0.3853848,0,1.9,0
0.9182512,0.06565297,0.3905186,0,1.9,0
0.9158762,0.05264348,0.3979942,0,1.9,0
0.9141437,0.04274169,0.4031311,0,1.9,0
0.9124565,0.03400671,0.4077581,0,1.9,0
0.9097127,0.01992348,0.4147601,0,1.9,0
0.9078453,0.01063121,0.4191703,0,1.9,0
0.905116,-0.00311942,0.4251535,0,1.9,0
0.9029142,-0.01335805,0.4296133,0,1.9,0
0.899833,-0.02825601,0.4353189,0,1.9,0
0.8978496,-0.03794508,0.4386643,0,1.9,0
0.8954126,-0.04888505,0.4425457,0,1.9,0
0.8923655,-0.0635246,0.4468205,0,1.9,0
0.8899051,-0.07406256,0.4500931,0,1.9,0
0.8862443,-0.09057032,0.4542777,0,1.9,0
0.8827726,-0.1050285,0.4579099,0,1.9,0
0.8799354,-0.1160647,0.4606981,0,1.9,0
0.8763647,-0.130591,0.4636065,0,1.9,0
0.874091,-0.1400198,0.4651447,0,1.9,0
0.8715637,-0.1496048,0.4668997,0,1.9,0
0.8678916,-0.1635549,0.4690565,0,1.9,0
0.8638911,-0.178731,0.4709007,0,1.9,0
0.861165,-0.1883388,0.4721477,0,1.9,0
0.8578063,-0.1999937,0.4734671,0,1.9,0
0.8554868,-0.2078497,0.4742792,0,1.9,0
0.8515728,-0.2211509,0.4753061,0,1.9,0
0.8493124,-0.2285384,0.4758557,0,1.9,0
0.8468073,-0.2363341,0.4765121,0,1.9,0
0.8436483,-0.2458494,0.4773004,0,1.9,0
0.8414862,-0.2523819,0.4777074,0,1.9,0
0.8395205,-0.2581324,0.4780931,0,1.9,0
0.836362,-0.2678434,0.4782872,0,1.9,0
0.8339697,-0.2747979,0.4785196,0,1.9,0
0.8322708,-0.2795054,0.4787504,0,1.9,0
0.8303582,-0.2845454,0.4791025,0,1.9,0
0.8282987,-0.2902685,0.4792344,0,1.9,0
0.8269385,-0.2934234,0.4796618,0,1.9,0
0.8250309,-0.2982726,0.4799558,0,1.9,0
0.8240134,-0.3005908,0.4802574,0,1.9,0
0.822977,-0.3029389,0.480559,0,1.9,0
0.8214092,-0.3062191,0.481162,0,1.9,0
0.8205031,-0.3079248,0.4816193,0,1.9,0
0.8195807,-0.3095049,0.4821768,0,1.9,0
0.8187211,-0.3108037,0.4828011,0,1.9,0
0.8183925,-0.3110569,0.4831951,0,1.9,0
0.8180441,-0.311325,0.4836121,0,1.9,0
0.8175107,-0.3116196,0.4843237,0,1.9,0
0.8173662,-0.3116196,0.4845676,0,1.9,0
0.8168284,-0.3116196,0.4854735,0,1.9,0
0.8165486,-0.3116196,0.4859441,0,1.9,0
0.8163502,-0.3113522,0.4864486,0,1.9,0
0.8160285,-0.3106923,0.4874092,0,1.9,0
0.8159103,-0.3101843,0.4879304,0,1.9,0
0.815775,-0.3096054,0.488524,0,1.9,0
0.8154131,-0.3087161,0.4896897,0,1.9,0
0.8152991,-0.3076679,0.4905384,0,1.9,0
0.8151004,-0.3062132,0.4917774,0,1.9,0
0.8150461,-0.3046893,0.4928128,0,1.9,0
0.8147885,-0.3030676,0.4942367,0,1.9,0
0.8147355,-0.3010182,0.4955747,0,1.9,0
0.8145058,-0.2981085,0.4977066,0,1.9,0
0.8142332,-0.2959506,0.4994373,0,1.9,0
0.8140423,-0.294226,0.5007657,0,1.9,0
0.8138353,-0.2924013,0.5021691,0,1.9,0
0.8134431,-0.2892425,0.5046278,0,1.9,0
0.813117,-0.2863929,0.5067741,0,1.9,0
0.8123745,-0.2819093,0.5104653,0,1.9,0
0.8117366,-0.2775031,0.5138831,0,1.9,0
0.8109667,-0.2737456,0.5171038,0,1.9,0
0.8099028,-0.2692069,0.5211385,0,1.9,0
0.8089036,-0.265976,0.5243394,0,1.9,0
0.8079658,-0.2620368,0.5277575,0,1.9,0
0.8062504,-0.2567536,0.5329521,0,1.9,0
0.8048271,-0.2524915,0.5371233,0,1.9,0
0.8024555,-0.2461202,0.54359,0,1.9,0
0.8003995,-0.2412927,0.5487611,0,1.9,0
0.7978678,-0.235237,0.5550411,0,1.9,0
0.7938713,-0.2273337,0.5639927,0,1.9,0
0.7914771,-0.2224544,0.5692785,0,1.9,0
0.7886986,-0.2171875,0.5751384,0,1.9,0
0.7856519,-0.2122099,0.5811352,0,1.9,0
0.7813299,-0.2048696,0.5895356,0,1.9,0
0.777963,-0.19946,0.5958098,0,1.9,0
0.7714694,-0.1900801,0.6072105,0,1.9,0
0.7673836,-0.1841591,0.6141726,0,1.9,0
0.7612696,-0.176532,0.6239431,0,1.9,0
0.7543393,-0.1677411,0.634693,0,1.9,0
0.7493921,-0.162412,0.6418987,0,1.9,0
0.7447178,-0.1575767,0.6485099,0,1.9,0
0.7368673,-0.1496882,0.6592572,0,1.9,0
0.7314306,-0.1446584,0.6663957,0,1.9,0
0.7255162,-0.1392724,0.6739655,0,1.9,0
0.7170039,-0.1320706,0.6844435,0,1.9,0
0.7109813,-0.1272633,0.6915994,0,1.9,0
0.7010703,-0.1197367,0.7029678,0,1.9,0
0.6913198,-0.1131785,0.7136298,0,1.9,0
0.6854624,-0.1091698,0.7198773,0,1.9,0
0.6763273,-0.1031994,0.7293363,0,1.9,0
0.6697622,-0.09899621,0.7359473,0,1.9,0
0.6606547,-0.09372954,0.7448156,0,1.9,0
0.6534278,-0.08955489,0.7516728,0,1.9,0
0.6445952,-0.08444385,0.7598462,0,1.9,0
0.6390846,-0.08126109,0.7648317,0,1.9,0
0.6331996,-0.07793398,0.7700549,0,1.9,0
0.6258831,-0.07394718,0.7764034,0,1.9,0
0.6213844,-0.07137562,0.7802479,0,1.9,0
0.6164203,-0.06872593,0.7844124,0,1.9,0
0.611901,-0.06621134,0.7881582,0,1.9,0
0.6061298,-0.0626289,0.7928962,0,1.9,0
0.6019638,-0.06055596,0.7962239,0,1.9,0
0.5968627,-0.05776877,0.8002611,0,1.9,0
0.5935301,-0.05579282,0.8028756,0,1.9,0
0.5897588,-0.05388932,0.8057795,0,1.9,0
0.5856962,-0.05161713,0.8088855,0,1.9,0
0.5825989,-0.04982439,0.8112313,0,1.9,0
0.5799783,-0.0481843,0.8132057,0,1.9,0
0.5642296,-0.038431,0.824723,0,1.9,0
0.5605471,-0.03599888,0.8273398,0,1.9,0
0.5584982,-0.03432387,0.8287953,0,1.9,0
0.5563794,-0.03317781,0.8302657,0,1.9,0
0.5538066,-0.03097904,0.8320689,0,1.9,0
0.5520507,-0.02945157,0.8332903,0,1.9,0
0.5499185,-0.02772623,0.834758,0,1.9,0
0.5485241,-0.0263146,0.8357206,0,1.9,0
0.5472615,-0.02529678,0.8365793,0,1.9,0
0.5462058,-0.02401516,0.8373067,0,1.9,0
0.5445812,-0.02237913,0.8384095,0,1.9,0
0.5433899,-0.02093899,0.8392193,0,1.9,0
0.5421668,-0.01983575,0.8400367,0,1.9,0
0.5411222,-0.01857739,0.8407388,0,1.9,0
0.5404139,-0.01801158,0.8412066,0,1.9,0
0.5399548,-0.01745976,0.8415129,0,1.9,0
0.538957,-0.01656354,0.8421704,0,1.9,0
0.5382254,-0.01568618,0.8426549,0,1.9,0
0.5373704,-0.01500567,0.8432128,0,1.9,0
0.5366432,-0.0144273,0.8436859,0,1.9,0
0.5359159,-0.01355776,0.8441625,0,1.9,0
0.5350299,-0.01285439,0.8447353,0,1.9,0
0.5344955,-0.01221692,0.845083,0,1.9,0
0.5339432,-0.01155858,0.8454414,0,1.9,0
0.5334076,-0.01124081,0.8457837,0,1.9,0
0.5331569,-0.01094221,0.8459457,0,1.9,0
0.5331569,-0.01094221,0.8459457,0,1.9,0
0.5328937,-0.01094221,0.8461114,0,1.9,0
0.5328938,-0.01094221,0.8461114,0,1.9,0
0.5328938,-0.01094221,0.8461114,0,1.9,0
0.5328938,-0.01094221,0.8461114,0,1.9,0
0.5328938,-0.01094221,0.8461114,0,1.9,0
0.5328938,-0.01094221,0.8461114,0,1.9,0
0.5328938,-0.01094221,0.8461114,0,1.9,0
0.5328938,-0.01094221,0.8461114,0,1.9,0
0.5328938,-0.01094221,0.8461114,0,1.9,0
0.5328938,-0.01094221,0.8461114,0,1.9,0
0.5328938,-0.01094221,0.8461114,0,1.9,0
0.5328938,-0.01094221,0.8461114,0,1.9,0
0.5328938,-0.01094221,0.8461114,0,1.9,0
0.5328938,-0.01094221,0.8461114,0,1.9,0
0.5328938,-0.01094221,0.8461114,0,1.9,0
0.5328938,-0.01094221,0.8461114,0,1.9,0
0.5328938,-0.01094221,0.8461114,0,1.9,0
0.5328938,-0.01094221,0.8461114,0,1.9,0
0.5328938,-0.01094221,0.8461114,0,1.9,0
0.5328938,-0.01094221,0.8461114,0,1.9,0
0.5328938,-0.01094221,0.8461114,0,1.9,0
0.5328938,-0.01094221,0.8461114,0,1.9,0
0.5328938,-0.01094221,0.8461114,0,1.9,0
0.5328938,-0.01094221,0.8461114,0,1.9,0
0.5328938,-0.01094221,0.8461114,0,1.9,0
0.5328938,-0.01094221,0.8461114,0,1.9,0
0.5328938,-0.01094221,0.8461114,0,1.9,0
0.5328938,-0.01094221,0.8461114,0,1.9,0
0.5328938,-0.01094221,0.8461114,0,1.9,0
0.5328938,-0.01094221,0.8461114,0,1.9,0
0.5328938,-0.01094221,0.8461114,0,1.9,0
0.5328938,-0.01094221,0.8461114,0,1.9,0
0.5328938,-0.01094221,0.8461114,0,1.9,0
0.5328938,-0.01094221,0.8461114,0,1.9,0
0.5328938,-0.01094221,0.8461114,0,1.9,0
0.5328938,-0.01094221,0.8461114,0,1.9,0
0.5328938,-0.01094221,0.8461114,0,1.9,0
0.5328938,-0.01094221,0.8461114,0,1.9,0
0.5328938,-0.01094221,0.8461114,0,1.9,0
0.5328938,-0.01094221,0.8461114,0,1.9,0
0.5328938,-0.01094221,0.8461114,0,1.9,0
0.5328938,-0.01094221,0.8461114,0,1.9,0
0.5328938,-0.01094221,0.8461114,0,1.9,0
0.5328938,-0.01094221,0.8461114,0,1.9,0
0.5328938,-0.01094221,0.8461114,0,1.9,0
0.5328938,-0.01094221,0.8461114,0,1.9,0
0.5328938,-0.01094221,0.8461114,0,1.9,0
0.5328938,-0.01094221,0.8461114,0,1.9,0
0.5326761,-0.01094221,0.8462484,0,1.9,0
0.5326761,-0.01094221,0.8462484,0,1.9,0
0.5326761,-0.01094221,0.8462484,0,1.9,0
0.5326761,-0.01094221,0.8462484,0,1.9,0
0.5326761,-0.01094221,0.8462484,0,1.9,0
0.5326761,-0.01094221,0.8462484,0,1.9,0
0.5326761,-0.01094221,0.8462484,0,1.9,0
0.532442,-0.01094221,0.8463957,0,1.9,0
0.532442,-0.01094221,0.8463957,0,1.9,0
0.5321917,-0.01064439,0.846557,0,1.9,0
0.5321917,-0.01064439,0.846557,0,1.9,0
0.5321917,-0.01064439,0.846557,0,1.9,0
0.5319403,-0.0103456,0.8467187,0,1.9,0
0.5319403,-0.0103456,0.8467187,0,1.9,0
0.5317083,-0.01006979,0.8468677,0,1.9,0
0.53171,-0.009757936,0.8468704,0,1.9,0
0.5314696,-0.009472515,0.8470244,0,1.9,0
0.5314713,-0.009142043,0.847027,0,1.9,0
0.5312251,-0.00884987,0.8471845,0,1.9,0
0.5307994,-0.006800393,0.8474702,0,1.9,0
0.5303985,-0.00439288,0.8477371,0,1.9,0
0.5304005,-0.003447477,0.8477402,0,1.9,0
0.530107,-0.002053208,0.8479283,0,1.9,0
0.529832,-0.000425254,0.8481026,0,1.9,0
0.5295324,0.001689404,0.8482881,0,1.9,0
0.5292505,0.00398588,0.8484563,0,1.9,0
0.5292478,0.005139392,0.8484517,0,1.9,0
0.5289298,0.007691229,0.8486307,0,1.9,0
0.5286376,0.01001071,0.8487886,0,1.9,0
0.5286216,0.0126855,0.8487628,0,1.9,0
0.528609,0.01443625,0.8487427,0,1.9,0
0.5285868,0.01710488,0.8487069,0,1.9,0
0.5285555,0.02027376,0.8486567,0,1.9,0
0.5287963,0.02246436,0.8484514,0,1.9,0
0.5292624,0.02543188,0.848077,0,1.9,0
0.529497,0.02798523,0.8478501,0,1.9,0
0.529981,0.03112937,0.847438,0,1.9,0
0.5304483,0.03320542,0.8470667,0,1.9,0
0.5311808,0.03699687,0.8464504,0,1.9,0
0.5319092,0.0408107,0.8458174,0,1.9,0
0.5323482,0.04346173,0.845409,0,1.9,0
0.5330509,0.04721385,0.8447648,0,1.9,0
0.5334653,0.04977202,0.8443563,0,1.9,0
0.5341799,0.05258171,0.843734,0,1.9,0
0.5350012,0.05848375,0.8428247,0,1.9,0
0.5354111,0.06112125,0.8423771,0,1.9,0
0.5357961,0.0647267,0.8418628,0,1.9,0
0.5362045,0.06741515,0.8413917,0,1.9,0
0.5368643,0.07122111,0.840657,0,1.9,0
0.537026,0.07419202,0.8402968,0,1.9,0
0.5374169,0.07767894,0.8397315,0,1.9,0
0.5378672,0.08177418,0.8390541,0,1.9,0
0.5382758,0.08509143,0.8384621,0,1.9,0
0.5393106,0.09867042,0.8363063,0,1.9,0
0.5394316,0.1017914,0.8358541,0,1.9,0
0.5395346,0.1045717,0.8354443,0,1.9,0
0.5393654,0.1074994,0.835182,0,1.9,0
0.539263,0.1092294,0.8350236,0,1.9,0
0.5392851,0.1172884,0.8339155,0,1.9,0
0.5388769,0.1234873,0.8332843,0,1.9,0
0.5386944,0.1261576,0.8330022,0,1.9,0
0.5385149,0.1287301,0.8327246,0,1.9,0
0.538538,0.1340771,0.8318655,0,1.9,0
0.5384335,0.1354907,0.8317041,0,1.9,0
0.5383255,0.1369351,0.8315374,0,1.9,0
0.5384526,0.1389125,0.8311271,0,1.9,0
0.5385656,0.1407067,0.8307519,0,1.9,0
0.5384672,0.1419758,0.8305998,0,1.9,0
0.5386174,0.1436605,0.8302126,0,1.9,0
0.5385534,0.1444705,0.8301136,0,1.9,0
0.5386917,0.1460462,0.829748,0,1.9,0
0.5386217,0.1469148,0.8296402,0,1.9,0
0.5385311,0.1480318,0.8295004,0,1.9,0
0.5384509,0.1490118,0.829377,0,1.9,0
0.5383534,0.1501961,0.8292267,0,1.9,0
0.5380458,0.1510445,0.8292722,0,1.9,0
0.537443,0.1519822,0.8294917,0,1.9,0
0.5371695,0.1525256,0.8295692,0,1.9,0
0.5366097,0.1531317,0.8298197,0,1.9,0
0.5356578,0.1538397,0.8303036,0,1.9,0
0.5348894,0.1541345,0.8307441,0,1.9,0
0.5338953,0.154873,0.8312462,0,1.9,0
0.5327892,0.154873,0.8319556,0,1.9,0
0.5314305,0.154873,0.8328241,0,1.9,0
0.5306486,0.154873,0.8333225,0,1.9,0
0.5293249,0.1548731,0.834164,0,1.9,0
0.5285945,0.1545749,0.8346823,0,1.9,0
0.5270358,0.1541987,0.8357368,0,1.9,0
0.5263671,0.153635,0.8362619,0,1.9,0
0.5251943,0.15328,0.8370641,0,1.9,0
0.5243266,0.1529273,0.8376723,0,1.9,0
0.5235049,0.1522367,0.8383118,0,1.9,0
0.522768,0.1516182,0.8388835,0,1.9,0
0.522559,0.151346,0.8390629,0,1.9,0
0.5220844,0.1510525,0.8394111,0,1.9,0
0.5213116,0.1504051,0.8400074,0,1.9,0
0.5208355,0.1497867,0.8404132,0,1.9,0
0.5199995,0.1490875,0.8410549,0,1.9,0
0.5191555,0.1487463,0.8416365,0,1.9,0
0.5186958,0.1484632,0.84197,0,1.9,0
0.5179229,0.1478186,0.842559,0,1.9,0
0.5174416,0.1475225,0.8429065,0,1.9,0
0.51696,0.1469007,0.8433105,0,1.9,0
0.5164966,0.1466161,0.8436438,0,1.9,0
0.5160016,0.1463122,0.8439995,0,1.9,0
0.5155341,0.1460253,0.8443348,0,1.9,0
0.5149856,0.1453194,0.8447912,0,1.9,0
0.5147553,0.1450232,0.8449824,0,1.9,0
0.5142507,0.1447141,0.8453426,0,1.9,0
0.5140346,0.1444366,0.8455214,0,1.9,0
0.5134747,0.1440938,0.8459201,0,1.9,0
0.5132535,0.1434655,0.8461611,0,1.9,0
0.5130093,0.1431524,0.8463621,0,1.9,0
0.5127903,0.1428718,0.8465422,0,1.9,0
0.5128132,0.1425662,0.8465799,0,1.9,0
0.5125853,0.1422743,0.846767,0,1.9,0
0.512606,0.1419947,0.8468013,0,1.9,0
0.5123874,0.1417148,0.8469806,0,1.9,0
0.5124115,0.14139,0.8470203,0,1.9,0
0.5124115,0.14139,0.8470203,0,1.9,0
0.5124322,0.1411089,0.8470546,0,1.9,0
0.5124537,0.1408182,0.8470901,0,1.9,0
0.5124537,0.1408182,0.8470901,0,1.9,0
0.5124537,0.1408182,0.8470901,0,1.9,0
0.5124782,0.1404841,0.8471307,0,1.9,0
0.5124782,0.1404841,0.8471307,0,1.9,0
0.5124782,0.1404841,0.8471307,0,1.9,0
0.512498,0.1402149,0.8471633,0,1.9,0
0.512498,0.1402149,0.8471633,0,1.9,0
0.512498,0.1402149,0.8471633,0,1.9,0
0.512498,0.1402149,0.8471633,0,1.9,0
0.512498,0.1402149,0.8471633,0,1.9,0
0.512498,0.1402149,0.8471633,0,1.9,0
0.512498,0.1402149,0.8471633,0,1.9,0
0.512498,0.1402149,0.8471633,0,1.9,0
0.512498,0.1402149,0.8471633,0,1.9,0
0.512498,0.1402149,0.8471633,0,1.9,0
0.512498,0.1402149,0.8471633,0,1.9,0
0.512498,0.1402149,0.8471633,0,1.9,0
0.512498,0.1402149,0.8471633,0,1.9,0
0.512498,0.1402149,0.8471633,0,1.9,0
0.512498,0.1402149,0.8471633,0,1.9,0
0.512498,0.1402149,0.8471633,0,1.9,0
0.512498,0.1402149,0.8471633,0,1.9,0
0.512498,0.1402149,0.8471633,0,1.9,0
0.512498,0.1402149,0.8471633,0,1.9,0
0.512498,0.1402149,0.8471633,0,1.9,0
0.512498,0.1402149,0.8471633,0,1.9,0
0.512498,0.1402149,0.8471633,0,1.9,0
0.512498,0.1402149,0.8471633,0,1.9,0
0.512498,0.1402149,0.8471633,0,1.9,0
0.512498,0.1402149,0.8471633,0,1.9,0
0.512498,0.1402149,0.8471633,0,1.9,0
0.512498,0.1402149,0.8471633,0,1.9,0
0.512498,0.1402149,0.8471633,0,1.9,0
0.512498,0.1402149,0.8471633,0,1.9,0
0.512498,0.1402149,0.8471633,0,1.9,0
0.512498,0.1402149,0.8471633,0,1.9,0
0.5127279,0.1402149,0.8470241,0,1.9,0
0.5127495,0.1399209,0.8470597,0,1.9,0
0.5130261,0.1399209,0.8468922,0,1.9,0
0.5130261,0.1399209,0.8468922,0,1.9,0
0.5130261,0.1399209,0.8468922,0,1.9,0
0.5130492,0.1396037,0.8469305,0,1.9,0
0.5132862,0.1396037,0.846787,0,1.9,0
0.5132862,0.1396037,0.846787,0,1.9,0
0.5132862,0.1396037,0.846787,0,1.9,0
0.5132862,0.1396037,0.846787,0,1.9,0
0.5132862,0.1396037,0.846787,0,1.9,0
0.5132862,0.1396037,0.846787,0,1.9,0
0.5132862,0.1396037,0.846787,0,1.9,0
0.5133049,0.1393473,0.8468179,0,1.9,0
0.5133049,0.1393473,0.8468179,0,1.9,0
0.5135344,0.1393473,0.8466787,0,1.9,0
0.5135344,0.1393473,0.8466787,0,1.9,0
0.5135344,0.1393473,0.8466787,0,1.9,0
0.5135568,0.1390393,0.8467157,0,1.9,0
0.5135568,0.1390393,0.8467157,0,1.9,0
0.5135568,0.1390393,0.8467157,0,1.9,0
0.5135791,0.1387329,0.8467524,0,1.9,0
0.5142749,0.1379825,0.8464527,0,1.9,0
0.5145992,0.1376327,0.8463126,0,1.9,0
0.5145992,0.1376327,0.8463126,0,1.9,0
0.5145992,0.1376327,0.8463126,0,1.9,0
0.5148629,0.1373481,0.8461984,0,1.9,0
0.5148629,0.1373481,0.8461984,0,1.9,0
0.5151594,0.1370279,0.8460698,0,1.9,0
0.5151594,0.1370279,0.8460698,0,1.9,0
0.5154424,0.1367223,0.8459469,0,1.9,0
0.5154424,0.1367223,0.8459469,0,1.9,0
0.5154617,0.1364523,0.8459787,0,1.9,0
0.5157084,0.1364523,0.8458284,0,1.9,0
0.5157294,0.1361591,0.8458629,0,1.9,0
0.5159804,0.1361591,0.8457097,0,1.9,0
0.5159804,0.1361591,0.8457097,0,1.9,0
0.5160009,0.1358737,0.8457432,0,1.9,0
0.5162421,0.1358736,0.8455959,0,1.9,0
0.5162421,0.1358736,0.8455959,0,1.9,0
0.5162671,0.1355255,0.8456366,0,1.9,0
0.5162671,0.1355255,0.8456366,0,1.9,0
0.5162671,0.1355255,0.8456366,0,1.9,0
0.5162671,0.1355255,0.8456366,0,1.9,0
0.5165305,0.1355255,0.8454757,0,1.9,0
0.5165305,0.1355255,0.8454757,0,1.9,0
0.5165305,0.1355255,0.8454757,0,1.9,0
0.5165305,0.1355255,0.8454757,0,1.9,0
0.5165305,0.1355255,0.8454757,0,1.9,0
0.5165305,0.1355255,0.8454757,0,1.9,0
0.5165305,0.1355255,0.8454757,0,1.9,0
0.5165305,0.1355255,0.8454757,0,1.9,0
0.5165305,0.1355255,0.8454757,0,1.9,0
0.5165305,0.1355255,0.8454757,0,1.9,0
0.5165305,0.1355255,0.8454757,0,1.9,0
0.5165305,0.1355255,0.8454757,0,1.9,0
0.5165305,0.1355255,0.8454757,0,1.9,0
0.5165305,0.1355255,0.8454757,0,1.9,0
0.5165305,0.1355255,0.8454757,0,1.9,0
0.5165305,0.1355255,0.8454757,0,1.9,0
0.5165305,0.1355255,0.8454757,0,1.9,0
0.5165305,0.1355255,0.8454757,0,1.9,0
0.5165305,0.1355255,0.8454757,0,1.9,0
0.5165305,0.1355255,0.8454757,0,1.9,0
0.5165305,0.1355255,0.8454757,0,1.9,0
0.5165305,0.1355255,0.8454757,0,1.9,0
0.5165545,0.135187,0.8455152,0,1.9,0
0.5165545,0.135187,0.8455152,0,1.9,0
0.5165545,0.135187,0.8455152,0,1.9,0
0.516578,0.1348586,0.8455533,0,1.9,0
0.516578,0.1348586,0.8455533,0,1.9,0
0.5168592,0.1345543,0.8454299,0,1.9,0
0.5168592,0.1345543,0.8454299,0,1.9,0
0.5168805,0.1342533,0.8454648,0,1.9,0
0.5168805,0.1342533,0.8454648,0,1.9,0
0.516902,0.1339481,0.8455,0,1.9,0
0.516902,0.1339481,0.8455,0,1.9,0
0.516902,0.1339481,0.8455,0,1.9,0
0.516902,0.1339481,0.8455,0,1.9,0
0.5169229,0.1336514,0.8455342,0,1.9,0
0.5169229,0.1336514,0.8455342,0,1.9,0
0.5169229,0.1336514,0.8455342,0,1.9,0
0.5169229,0.1336514,0.8455342,0,1.9,0
0.5169229,0.1336514,0.8455342,0,1.9,0
0.5169229,0.1336514,0.8455342,0,1.9,0
0.5169229,0.1336514,0.8455342,0,1.9,0
0.5169229,0.1336514,0.8455342,0,1.9,0
0.5169229,0.1336514,0.8455342,0,1.9,0
0.5169229,0.1336514,0.8455342,0,1.9,0
0.5169229,0.1336514,0.8455342,0,1.9,0
0.5169229,0.1336514,0.8455342,0,1.9,0
0.5169229,0.1336514,0.8455342,0,1.9,0
0.5169229,0.1336514,0.8455342,0,1.9,0
0.5169229,0.1336514,0.8455342,0,1.9,0
0.5169229,0.1336514,0.8455342,0,1.9,0
0.5169229,0.1336514,0.8455342,0,1.9,0
0.5169229,0.1336514,0.8455342,0,1.9,0
0.5169229,0.1336514,0.8455342,0,1.9,0
0.5169229,0.1336514,0.8455342,0,1.9,0
0.5169229,0.1336514,0.8455342,0,1.9,0
0.5169229,0.1336514,0.8455342,0,1.9,0
0.5169229,0.1336514,0.8455342,0,1.9,0
0.5169229,0.1336514,0.8455342,0,1.9,0
0.5169229,0.1336514,0.8455342,0,1.9,0
0.5169229,0.1336514,0.8455342,0,1.9,0
0.5169229,0.1336514,0.8455342,0,1.9,0
0.5169229,0.1336514,0.8455342,0,1.9,0
0.5169229,0.1336514,0.8455342,0,1.9,0
0.5169229,0.1336514,0.8455342,0,1.9,0
0.5169229,0.1336514,0.8455342,0,1.9,0
0.5169229,0.1336514,0.8455342,0,1.9,0
0.5169229,0.1336514,0.8455342,0,1.9,0
0.5169229,0.1336514,0.8455342,0,1.9,0
0.5169229,0.1336514,0.8455342,0,1.9,0
0.5169229,0.1336514,0.8455342,0,1.9,0
0.5169229,0.1336514,0.8455342,0,1.9,0
0.5169229,0.1336514,0.8455342,0,1.9,0
0.5169229,0.1336514,0.8455342,0,1.9,0
0.5169229,0.1336514,0.8455342,0,1.9,0
0.5169229,0.1336514,0.8455342,0,1.9,0
0.5169229,0.1336514,0.8455342,0,1.9,0
0.5169229,0.1336514,0.8455342,0,1.9,0
0.5169229,0.1336514,0.8455342,0,1.9,0
0.5169229,0.1336514,0.8455342,0,1.9,0
0.5169229,0.1336514,0.8455342,0,1.9,0
0.5169229,0.1336514,0.8455342,0,1.9,0
0.5169229,0.1336514,0.8455342,0,1.9,0
0.5169229,0.1336514,0.8455342,0,1.9,0
0.5169229,0.1336514,0.8455342,0,1.9,0
0.5169229,0.1336514,0.8455342,0,1.9,0
